0 0 0 17 17 5.12473 0 
0 0 0 18 18 5.12473 0 
0 0 0 19 19 5.12473 0 
0 0 0 20 20 5.12473 0 
0 0 0 21 21 5.12473 0 
0 0 0 22 22 5.12473 0 
0 0 0 23 23 5.21413 0 
0 0 0 24 24 5.21413 0 
0 0 0 25 25 5.21413 0 
0 0 0 26 26 5.21413 0 
0 0 0 27 27 5.21413 0 
0 0 0 28 28 5.21413 0 
0 0 0 29 29 5.3683 0 
0 0 0 30 30 5.3683 0 
0 0 0 31 31 5.3683 0 
0 0 0 32 32 5.3683 0 
0 0 0 33 33 5.3683 0 
0 0 0 34 34 5.3683 0 
0 0 0 35 35 5.14707 0 
0 0 0 36 36 5.14707 0 
0 0 0 37 37 5.14707 0 
0 0 0 38 38 5.14707 0 
0 0 0 39 39 5.14707 0 
0 0 0 40 40 5.14707 0 
0 0 0 41 41 5.21844 0 
0 0 0 42 42 5.21844 0 
0 0 0 43 43 5.21844 0 
0 0 0 44 44 5.21844 0 
0 0 0 45 45 5.21844 0 
0 0 0 46 46 5.21844 0 
0 0 0 47 47 5.0341 0 
0 0 0 48 48 5.0341 0 
0 0 0 49 49 5.0341 0 
0 0 0 50 50 5.0341 0 
0 0 0 51 51 5.0341 0 
0 0 0 52 52 5.0341 0 
0 0 0 53 53 5.29085 0 
0 0 0 54 54 5.29085 0 
0 0 0 55 55 5.29085 0 
0 0 0 56 56 5.29085 0 
0 0 0 57 57 5.29085 0 
0 0 0 58 58 5.29085 0 
0 0 0 59 59 5.39122 0 
0 0 0 60 60 5.39122 0 
0 0 0 61 61 5.39122 0 
0 0 0 62 62 5.39122 0 
0 0 0 63 63 5.39122 0 
0 0 0 64 64 5.39122 0 
0 0 0 1 1 -3.54391 0 
0 0 0 2 2 -3.54391 0 
0 0 0 3 3 -3.47006 0 
0 0 0 4 4 -3.47006 0 
0 0 0 5 5 -3.34269 0 
0 0 0 6 6 -3.34269 0 
0 0 0 7 7 -3.52546 0 
0 0 0 8 8 -3.52546 0 
0 0 0 9 9 -3.4665 0 
0 0 0 10 10 -3.4665 0 
0 0 0 11 11 -3.61878 0 
0 0 0 12 12 -3.61878 0 
0 0 0 13 13 -3.40668 0 
0 0 0 14 14 -3.40668 0 
0 0 0 15 15 -3.32375 0 
0 0 0 16 16 -3.32375 0 
0 0 0 65 65 0.795668 0 
0 0 0 66 66 0.795668 0 
0 0 0 71 71 1.31516 0 
0 0 0 72 72 1.31516 0 
0 0 0 77 77 1.1946 0 
0 0 0 78 78 1.1946 0 
0 0 0 83 83 1.13384 0 
0 0 0 84 84 1.13384 0 
0 0 0 89 89 1.09295 0 
0 0 0 90 90 1.09295 0 
0 0 0 95 95 0.911451 0 
0 0 0 96 96 0.911451 0 
0 0 0 101 101 1.15936 0 
0 0 0 102 102 1.15936 0 
0 0 0 107 107 1.24979 0 
0 0 0 108 108 1.24979 0 
0 0 0 117 117 1.19537 0 
0 0 0 118 118 1.19537 0 
0 0 0 123 123 0.960454 0 
0 0 0 124 124 0.960454 0 
0 0 0 129 129 0.972861 0 
0 0 0 130 130 0.972861 0 
0 0 0 135 135 1.21157 0 
0 0 0 136 136 1.21157 0 
0 0 0 141 141 1.08937 0 
0 0 0 142 142 1.08937 0 
0 0 0 147 147 1.3503 0 
0 0 0 148 148 1.3503 0 
0 0 0 153 153 1.16831 0 
0 0 0 154 154 1.16831 0 
0 0 0 159 159 1.02813 0 
0 0 0 160 160 1.02813 0 
0 0 0 163 163 1.04549 0 
0 0 0 164 164 1.04549 0 
0 0 0 169 169 0.995206 0 
0 0 0 170 170 0.995206 0 
0 0 0 175 175 1.29109 0 
0 0 0 176 176 1.29109 0 
0 0 0 181 181 0.963517 0 
0 0 0 182 182 0.963517 0 
0 0 0 187 187 0.759048 0 
0 0 0 188 188 0.759048 0 
0 0 0 193 193 1.22083 0 
0 0 0 194 194 1.22083 0 
0 0 0 199 199 1.15314 0 
0 0 0 200 200 1.15314 0 
0 0 0 205 205 1.25845 0 
0 0 0 206 206 1.25845 0 
0 0 0 67 67 0.767933 0 
0 0 0 68 68 0.767933 0 
0 0 0 69 69 0.767933 0 
0 0 0 70 70 0.767933 0 
0 0 0 73 73 1.32216 0 
0 0 0 74 74 1.32216 0 
0 0 0 75 75 1.32216 0 
0 0 0 76 76 1.32216 0 
0 0 0 79 79 1.19354 0 
0 0 0 80 80 1.19354 0 
0 0 0 81 81 1.19354 0 
0 0 0 82 82 1.19354 0 
0 0 0 85 85 1.12872 0 
0 0 0 86 86 1.12872 0 
0 0 0 87 87 1.12872 0 
0 0 0 88 88 1.12872 0 
0 0 0 91 91 1.0851 0 
0 0 0 92 92 1.0851 0 
0 0 0 93 93 1.0851 0 
0 0 0 94 94 1.0851 0 
0 0 0 97 97 0.891458 0 
0 0 0 98 98 0.891458 0 
0 0 0 99 99 0.891458 0 
0 0 0 100 100 0.891458 0 
0 0 0 103 103 1.15594 0 
0 0 0 104 104 1.15594 0 
0 0 0 105 105 1.15594 0 
0 0 0 106 106 1.15594 0 
0 0 0 109 109 1.25242 0 
0 0 0 110 110 1.25242 0 
0 0 0 111 111 1.25242 0 
0 0 0 112 112 1.25242 0 
0 0 0 113 113 1.19436 0 
0 0 0 114 114 1.19436 0 
0 0 0 115 115 1.19436 0 
0 0 0 116 116 1.19436 0 
0 0 0 119 119 0.943739 0 
0 0 0 120 120 0.943739 0 
0 0 0 121 121 0.943739 0 
0 0 0 122 122 0.943739 0 
0 0 0 125 125 0.956976 0 
0 0 0 126 126 0.956976 0 
0 0 0 127 127 0.956976 0 
0 0 0 128 128 0.956976 0 
0 0 0 131 131 1.21165 0 
0 0 0 132 132 1.21165 0 
0 0 0 133 133 1.21165 0 
0 0 0 134 134 1.21165 0 
0 0 0 137 137 1.08128 0 
0 0 0 138 138 1.08128 0 
0 0 0 139 139 1.08128 0 
0 0 0 140 140 1.08128 0 
0 0 0 143 143 1.35965 0 
0 0 0 144 144 1.35965 0 
0 0 0 145 145 1.35965 0 
0 0 0 146 146 1.35965 0 
0 0 0 149 149 1.1655 0 
0 0 0 150 150 1.1655 0 
0 0 0 151 151 1.1655 0 
0 0 0 152 152 1.1655 0 
0 0 0 155 155 1.01594 0 
0 0 0 156 156 1.01594 0 
0 0 0 157 157 1.01594 0 
0 0 0 158 158 1.01594 0 
0 0 0 161 161 1.03446 0 
0 0 0 162 162 1.03446 0 
0 0 0 165 165 1.03446 0 
0 0 0 166 166 1.03446 0 
0 0 0 167 167 0.980814 0 
0 0 0 168 168 0.980814 0 
0 0 0 171 171 0.980814 0 
0 0 0 172 172 0.980814 0 
0 0 0 173 173 1.29648 0 
0 0 0 174 174 1.29648 0 
0 0 0 177 177 1.29648 0 
0 0 0 178 178 1.29648 0 
0 0 0 179 179 0.947006 0 
0 0 0 180 180 0.947006 0 
0 0 0 183 183 0.947006 0 
0 0 0 184 184 0.947006 0 
0 0 0 185 185 0.728865 0 
0 0 0 186 186 0.728865 0 
0 0 0 189 189 0.728865 0 
0 0 0 190 190 0.728865 0 
0 0 0 191 191 1.22153 0 
0 0 0 192 192 1.22153 0 
0 0 0 195 195 1.22153 0 
0 0 0 196 196 1.22153 0 
0 0 0 197 197 1.14931 0 
0 0 0 198 198 1.14931 0 
0 0 0 201 201 1.14931 0 
0 0 0 202 202 1.14931 0 
0 0 0 203 203 1.26166 0 
0 0 0 204 204 1.26166 0 
0 0 0 207 207 1.26166 0 
0 0 0 208 208 1.26166 0 
0 0 0 17 113 -0.10455 0 
0 0 0 18 114 -0.10455 0 
0 0 0 19 115 -0.237691 0 
0 0 0 20 116 -0.237691 0 
0 0 0 17 161 -0.588205 0 
0 0 0 18 162 -0.588205 0 
0 0 0 21 165 -0.476045 0 
0 0 0 22 166 -0.476045 0 
0 0 0 19 67 -0.589022 0 
0 0 0 20 68 -0.589022 0 
0 0 0 21 69 -0.606318 0 
0 0 0 22 70 -0.606318 0 
0 0 0 19 91 -0.305764 0 
0 0 0 20 92 -0.305764 0 
0 0 0 21 93 -0.304101 0 
0 0 0 22 94 -0.304101 0 
0 0 0 17 125 -0.449084 0 
0 0 0 18 126 -0.449084 0 
0 0 0 19 127 -0.473401 0 
0 0 0 20 128 -0.473401 0 
0 0 0 17 167 -0.278505 0 
0 0 0 18 168 -0.278505 0 
0 0 0 21 171 -0.390947 0 
0 0 0 22 172 -0.390947 0 
0 0 0 41 137 -0.4187 0 
0 0 0 42 138 -0.4187 0 
0 0 0 43 139 -0.392344 0 
0 0 0 44 140 -0.392344 0 
0 0 0 41 185 -0.446688 0 
0 0 0 42 186 -0.446688 0 
0 0 0 45 189 -0.441486 0 
0 0 0 46 190 -0.441486 0 
0 0 0 43 91 -0.637993 0 
0 0 0 44 92 -0.637993 0 
0 0 0 45 93 -0.636276 0 
0 0 0 46 94 -0.636276 0 
0 0 1 43 67 -0.343844 0 
0 0 1 44 68 -0.343844 0 
0 0 1 45 69 -0.367793 0 
0 0 1 46 70 -0.367793 0 
0 0 0 41 149 -0.369165 0 
0 0 0 42 150 -0.369165 0 
0 0 0 43 151 -0.390384 0 
0 0 0 44 152 -0.390384 0 
0 0 0 41 191 -0.379287 0 
0 0 0 42 192 -0.379287 0 
0 0 0 45 195 -0.251319 0 
0 0 0 46 196 -0.251319 0 
0 0 0 29 125 -0.392226 0 
0 0 0 30 126 -0.392226 0 
0 0 0 31 127 -0.421469 0 
0 0 0 32 128 -0.421469 0 
0 0 0 29 173 -0.393125 0 
0 0 0 30 174 -0.393125 0 
0 0 0 33 177 -0.330595 0 
0 0 0 34 178 -0.330595 0 
0 0 0 31 79 -0.205577 0 
0 0 0 32 80 -0.205577 0 
0 0 0 33 81 -0.202643 0 
0 0 0 34 82 -0.202643 0 
0 0 0 31 103 -0.559526 0 
0 0 0 32 104 -0.559526 0 
0 0 0 33 105 -0.426174 0 
0 0 0 34 106 -0.426174 0 
0 1 0 29 113 -0.524997 0 
0 1 0 30 114 -0.524997 0 
0 1 0 31 115 -0.575411 0 
0 1 0 32 116 -0.575411 0 
0 0 0 29 179 -0.315217 0 
0 0 0 30 180 -0.315217 0 
0 0 0 33 183 -0.487334 0 
0 0 0 34 184 -0.487334 0 
0 0 0 53 149 -0.449726 0 
0 0 0 54 150 -0.449726 0 
0 0 0 55 151 -0.448662 0 
0 0 0 56 152 -0.448662 0 
0 0 0 53 197 -0.439361 0 
0 0 0 54 198 -0.439361 0 
0 0 0 57 201 -0.392985 0 
0 0 0 58 202 -0.392985 0 
0 0 0 55 103 -0.333008 0 
0 0 0 56 104 -0.333008 0 
0 0 0 57 105 -0.314942 0 
0 0 0 58 106 -0.314942 0 
0 0 1 55 79 -0.382521 0 
0 0 1 56 80 -0.382521 0 
0 0 1 57 81 -0.293899 0 
0 0 1 58 82 -0.293899 0 
0 1 0 53 137 -0.398651 0 
0 1 0 54 138 -0.398651 0 
0 1 0 55 139 -0.321001 0 
0 1 0 56 140 -0.321001 0 
0 0 0 53 203 -0.392203 0 
0 0 0 54 204 -0.392203 0 
0 0 0 57 207 -0.360531 0 
0 0 0 58 208 -0.360531 0 
0 0 0 23 119 -0.464801 0 
0 0 0 24 120 -0.464801 0 
0 0 0 25 121 -0.507552 0 
0 0 0 26 122 -0.507552 0 
0 0 0 23 167 -0.319508 0 
0 0 0 24 168 -0.319508 0 
0 0 0 27 171 -0.37857 0 
0 0 0 28 172 -0.37857 0 
0 0 0 25 73 -0.387867 0 
0 0 0 26 74 -0.387867 0 
0 0 0 27 75 -0.47018 0 
0 0 0 28 76 -0.47018 0 
0 0 0 25 97 -0.415847 0 
0 0 0 26 98 -0.415847 0 
0 0 0 27 99 -0.309426 0 
0 0 0 28 100 -0.309426 0 
0 0 0 23 131 -0.341238 0 
0 0 0 24 132 -0.341238 0 
0 0 0 25 133 -0.421674 0 
0 0 0 26 134 -0.421674 0 
1 0 0 23 161 -0.338702 0 
1 0 0 24 162 -0.338702 0 
1 0 0 27 165 -0.319512 0 
1 0 0 28 166 -0.319512 0 
0 0 0 47 143 -0.354719 0 
0 0 0 48 144 -0.354719 0 
0 0 0 49 145 -0.331851 0 
0 0 0 50 146 -0.331851 0 
0 0 0 47 191 -0.440425 0 
0 0 0 48 192 -0.440425 0 
0 0 0 51 195 -0.342208 0 
0 0 0 52 196 -0.342208 0 
0 0 0 49 97 -0.447443 0 
0 0 0 50 98 -0.447443 0 
0 0 0 51 99 -0.408292 0 
0 0 0 52 100 -0.408292 0 
0 0 1 49 73 -0.298033 0 
0 0 1 50 74 -0.298033 0 
0 0 1 51 75 -0.31096 0 
0 0 1 52 76 -0.31096 0 
0 0 0 47 155 -0.274253 0 
0 0 0 48 156 -0.274253 0 
0 0 0 49 157 -0.225442 0 
0 0 0 50 158 -0.225442 0 
1 0 0 47 185 -0.432002 0 
1 0 0 48 186 -0.432002 0 
1 0 0 51 189 -0.401885 0 
1 0 0 52 190 -0.401885 0 
0 0 0 35 131 -0.30209 0 
0 0 0 36 132 -0.30209 0 
0 0 0 37 133 -0.366536 0 
0 0 0 38 134 -0.366536 0 
0 0 0 35 179 -0.370828 0 
0 0 0 36 180 -0.370828 0 
0 0 0 39 183 -0.389666 0 
0 0 0 40 184 -0.389666 0 
0 0 0 37 85 -0.498596 0 
0 0 0 38 86 -0.498596 0 
0 0 0 39 87 -0.484671 0 
0 0 0 40 88 -0.484671 0 
0 0 0 37 109 -0.22664 0 
0 0 0 38 110 -0.22664 0 
0 0 0 39 111 -0.265127 0 
0 0 0 40 112 -0.265127 0 
0 1 0 35 119 -0.367103 0 
0 1 0 36 120 -0.367103 0 
0 1 0 37 121 -0.415988 0 
0 1 0 38 122 -0.415988 0 
1 0 0 35 173 -0.307786 0 
1 0 0 36 174 -0.307786 0 
1 0 0 39 177 -0.352742 0 
1 0 0 40 178 -0.352742 0 
0 0 0 59 155 -0.611484 0 
0 0 0 60 156 -0.611484 0 
0 0 0 61 157 -0.284988 0 
0 0 0 62 158 -0.284988 0 
0 0 0 59 203 -0.393696 0 
0 0 0 60 204 -0.393696 0 
0 0 0 63 207 -0.443246 0 
0 0 0 64 208 -0.443246 0 
0 0 0 61 109 -0.503584 0 
0 0 0 62 110 -0.503584 0 
0 0 0 63 111 -0.522162 0 
0 0 0 64 112 -0.522162 0 
0 0 1 61 85 -0.310662 0 
0 0 1 62 86 -0.310662 0 
0 0 1 63 87 -0.323419 0 
0 0 1 64 88 -0.323419 0 
0 1 0 59 143 -0.265446 0 
0 1 0 60 144 -0.265446 0 
0 1 0 61 145 -0.269778 0 
0 1 0 62 146 -0.269778 0 
1 0 0 59 197 -0.249483 0 
1 0 0 60 198 -0.249483 0 
1 0 0 63 201 -0.163521 0 
1 0 0 64 202 -0.163521 0 
0 0 0 21 117 1.00951 0 
0 0 0 22 118 1.00951 0 
0 0 0 19 163 1.81983 0 
0 0 0 20 164 1.81983 0 
0 0 0 17 65 1.90016 0 
0 0 0 18 66 1.90016 0 
0 0 0 17 89 1.37421 0 
0 0 0 18 90 1.37421 0 
0 0 0 21 129 1.69748 0 
0 0 0 22 130 1.69748 0 
0 0 0 19 169 1.47195 0 
0 0 0 20 170 1.47195 0 
0 0 0 45 141 1.59408 0 
0 0 0 46 142 1.59408 0 
0 0 0 43 187 1.66007 0 
0 0 0 44 188 1.66007 0 
0 0 0 41 89 1.94212 0 
0 0 0 42 90 1.94212 0 
0 0 1 41 65 1.49558 0 
0 0 1 42 66 1.49558 0 
0 0 0 45 153 1.55804 0 
0 0 0 46 154 1.55804 0 
0 0 0 43 193 1.4313 0 
0 0 0 44 194 1.4313 0 
0 0 0 33 129 1.59836 0 
0 0 0 34 130 1.59836 0 
0 0 0 31 175 1.51823 0 
0 0 0 32 176 1.51823 0 
0 0 0 29 77 1.13677 0 
0 0 0 30 78 1.13677 0 
0 0 0 29 101 1.76942 0 
0 0 0 30 102 1.76942 0 
0 1 0 33 117 1.83552 0 
0 1 0 34 118 1.83552 0 
0 0 0 31 181 1.61931 0 
0 0 0 32 182 1.61931 0 
0 0 0 57 153 1.66577 0 
0 0 0 58 154 1.66577 0 
0 0 0 55 199 1.64477 0 
0 0 0 56 200 1.64477 0 
0 0 0 53 101 1.46128 0 
0 0 0 54 102 1.46128 0 
0 0 1 53 77 1.48431 0 
0 0 1 54 78 1.48431 0 
0 1 0 57 141 1.54172 0 
0 1 0 58 142 1.54172 0 
0 0 0 55 205 1.55797 0 
0 0 0 56 206 1.55797 0 
0 0 0 27 123 1.74122 0 
0 0 0 28 124 1.74122 0 
0 0 0 25 169 1.49885 0 
0 0 0 26 170 1.49885 0 
0 0 0 23 71 1.65173 0 
0 0 0 24 72 1.65173 0 
0 0 0 23 95 1.53043 0 
0 0 0 24 96 1.53043 0 
0 0 0 27 135 1.56456 0 
0 0 0 28 136 1.56456 0 
1 0 0 25 163 1.43911 0 
1 0 0 26 164 1.43911 0 
0 0 0 51 147 1.49008 0 
0 0 0 52 148 1.49008 0 
0 0 0 49 193 1.58415 0 
0 0 0 50 194 1.58415 0 
0 0 0 47 95 1.6442 0 
0 0 0 48 96 1.6442 0 
0 0 1 47 71 1.3977 0 
0 0 1 48 72 1.3977 0 
0 0 0 51 159 1.27935 0 
0 0 0 52 160 1.27935 0 
1 0 0 49 187 1.61725 0 
1 0 0 50 188 1.61725 0 
0 0 0 39 135 1.46197 0 
0 0 0 40 136 1.46197 0 
0 0 0 37 181 1.54349 0 
0 0 0 38 182 1.54349 0 
0 0 0 35 83 1.75645 0 
0 0 0 36 84 1.75645 0 
0 0 0 35 107 1.24101 0 
0 0 0 36 108 1.24101 0 
0 1 0 39 123 1.57424 0 
0 1 0 40 124 1.57424 0 
1 0 0 37 175 1.46455 0 
1 0 0 38 176 1.46455 0 
0 0 0 63 159 1.71412 0 
0 0 0 64 160 1.71412 0 
0 0 0 61 205 1.6342 0 
0 0 0 62 206 1.6342 0 
0 0 0 59 107 1.77329 0 
0 0 0 60 108 1.77329 0 
0 0 1 59 83 1.45592 0 
0 0 1 60 84 1.45592 0 
0 1 0 63 147 1.28183 0 
0 1 0 64 148 1.28183 0 
1 0 0 61 199 1.13894 0 
1 0 0 62 200 1.13894 0 
0 0 0 1 117 -0.576169 -0 
0 0 0 2 118 -0.576169 -0 
0 0 0 1 163 -1.38303 -0 
0 0 0 2 164 -1.38303 -0 
0 0 0 1 65 -1.48011 -0 
0 0 0 2 66 -1.48011 -0 
0 0 0 1 89 0.743974 0 
0 0 0 2 90 0.743974 0 
0 0 0 1 129 1.14255 0 
0 0 0 2 130 1.14255 0 
0 0 0 1 169 0.912225 0 
0 0 0 2 170 0.912225 0 
0 0 0 9 141 -0.992019 -0 
0 0 0 10 142 -0.992019 -0 
0 0 0 9 187 -1.06903 -0 
0 0 0 10 188 -1.06903 -0 
0 0 0 9 89 -1.52998 -0 
0 0 0 10 90 -1.52998 -0 
0 0 1 9 65 0.877355 0 
0 0 1 10 66 0.877355 0 
0 0 0 9 153 0.976931 0 
0 0 0 10 154 0.976931 0 
0 0 0 9 193 0.882273 0 
0 0 0 10 194 0.882273 0 
0 0 0 5 129 -1.00155 -0 
0 0 0 6 130 -1.00155 -0 
0 0 0 5 175 -0.926975 -0 
0 0 0 6 176 -0.926975 -0 
0 0 0 5 77 -0.619027 -0 
0 0 0 6 78 -0.619027 -0 
0 0 0 5 101 1.33278 0 
0 0 0 6 102 1.33278 0 
0 1 0 5 117 1.36666 0 
0 1 0 6 118 1.36666 0 
0 0 0 5 181 1.14491 0 
0 0 0 6 182 1.14491 0 
0 0 0 13 153 -1.06932 -0 
0 0 0 14 154 -1.06932 -0 
0 0 0 13 199 -1.13581 -0 
0 0 0 14 200 -1.13581 -0 
0 0 0 13 101 -0.908108 -0 
0 0 0 14 102 -0.908108 -0 
0 0 1 13 77 0.928162 0 
0 0 1 14 78 0.928162 0 
0 1 0 13 141 1.01875 0 
0 1 0 14 142 1.01875 0 
0 0 0 13 205 0.992317 0 
0 0 0 14 206 0.992317 0 
0 0 0 3 123 -1.21755 -0 
0 0 0 4 124 -1.21755 -0 
0 0 0 3 169 -0.919772 -0 
0 0 0 4 170 -0.919772 -0 
0 0 0 3 71 -1.10996 -0 
0 0 0 4 72 -1.10996 -0 
0 0 0 3 95 0.974216 0 
0 0 0 4 96 0.974216 0 
0 0 0 3 135 1.00007 0 
0 0 0 4 136 1.00007 0 
1 0 0 3 163 0.820864 0 
1 0 0 4 164 0.820864 0 
0 0 0 11 147 -0.912798 -0 
0 0 0 12 148 -0.912798 -0 
0 0 0 11 193 -1.02965 -0 
0 0 0 12 194 -1.02965 -0 
0 0 0 11 95 -1.07973 -0 
0 0 0 12 96 -1.07973 -0 
0 0 1 11 71 0.806857 0 
0 0 1 12 72 0.806857 0 
0 0 0 11 159 0.740202 0 
0 0 0 12 160 0.740202 0 
1 0 0 11 187 1.0262 0 
1 0 0 12 188 1.0262 0 
0 0 0 7 135 -0.870616 -0 
0 0 0 8 136 -0.870616 -0 
0 0 0 7 181 -0.926943 -0 
0 0 0 8 182 -0.926943 -0 
0 0 0 7 83 -1.25841 -0 
0 0 0 8 84 -1.25841 -0 
0 0 0 7 107 0.666583 0 
0 0 0 8 108 0.666583 0 
0 1 0 7 123 0.984376 0 
0 1 0 8 124 0.984376 0 
1 0 0 7 175 0.892727 0 
1 0 0 8 176 0.892727 0 
0 0 0 15 159 -1.43439 -0 
0 0 0 16 160 -1.43439 -0 
0 0 0 15 205 -1.08417 -0 
0 0 0 16 206 -1.08417 -0 
0 0 0 15 107 -1.23953 -0 
0 0 0 16 108 -1.23953 -0 
0 0 1 15 83 0.923145 0 
0 0 1 16 84 0.923145 0 
0 1 0 15 147 0.669327 0 
0 1 0 16 148 0.669327 0 
1 0 0 15 199 0.630111 0 
1 0 0 16 200 0.630111 0 
0 0 0 117 17 -0.575367 0 
0 0 0 118 18 -0.575367 0 
0 0 0 117 19 0.0189995 0 
0 0 0 118 20 0.0189995 0 
0 0 0 163 17 -0.0166839 0 
0 0 0 164 18 -0.0166839 0 
0 0 0 163 21 0.448633 0 
0 0 0 164 22 0.448633 0 
0 0 0 65 19 -0.224896 0 
0 0 0 66 20 -0.224896 0 
0 0 0 65 21 0.15301 0 
0 0 0 66 22 0.15301 0 
0 0 0 89 19 -0.00351373 0 
0 0 0 90 20 -0.00351373 0 
0 0 0 89 21 -0.0446566 0 
0 0 0 90 22 -0.0446566 0 
0 0 0 129 17 0.227529 0 
0 0 0 130 18 0.227529 0 
0 0 0 129 19 -0.124087 0 
0 0 0 130 20 -0.124087 0 
0 0 0 169 17 0.453186 0 
0 0 0 170 18 0.453186 0 
0 0 0 169 21 -0.0114074 0 
0 0 0 170 22 -0.0114074 0 
0 0 0 141 41 0.00429935 0 
0 0 0 142 42 0.00429935 0 
0 0 0 141 43 -0.191065 0 
0 0 0 142 44 -0.191065 0 
0 0 0 187 41 -0.0745894 0 
0 0 0 188 42 -0.0745894 0 
0 0 0 187 45 0.112408 0 
0 0 0 188 46 0.112408 0 
0 0 0 89 43 -0.017992 0 
0 0 0 90 44 -0.017992 0 
0 0 0 89 45 -0.0530557 0 
0 0 0 90 46 -0.0530557 0 
0 0 -1 65 43 0.180659 0 
0 0 -1 66 44 0.180659 0 
0 0 -1 65 45 -0.0218766 0 
0 0 -1 66 46 -0.0218766 0 
0 0 0 153 41 0.263196 0 
0 0 0 154 42 0.263196 0 
0 0 0 153 43 -0.18966 0 
0 0 0 154 44 -0.18966 0 
0 0 0 193 41 -0.00219749 0 
0 0 0 194 42 -0.00219749 0 
0 0 0 193 45 0.49955 0 
0 0 0 194 46 0.49955 0 
0 0 0 129 29 0.209253 0 
0 0 0 130 30 0.209253 0 
0 0 0 129 31 0.0497265 0 
0 0 0 130 32 0.0497265 0 
0 0 0 175 29 -0.0037571 0 
0 0 0 176 30 -0.0037571 0 
0 0 0 175 33 0.309417 0 
0 0 0 176 34 0.309417 0 
0 0 0 77 31 0.27015 0 
0 0 0 78 32 0.27015 0 
0 0 0 77 33 -0.279674 0 
0 0 0 78 34 -0.279674 0 
0 0 0 101 31 0.140413 0 
0 0 0 102 32 0.140413 0 
0 0 0 101 33 -0.534433 0 
0 0 0 102 34 -0.534433 0 
0 -1 0 117 29 0.285352 0 
0 -1 0 118 30 0.285352 0 
0 -1 0 117 31 0.0484554 0 
0 -1 0 118 32 0.0484554 0 
0 0 0 181 29 -0.640991 0 
0 0 0 182 30 -0.640991 0 
0 0 0 181 33 -0.133651 0 
0 0 0 182 34 -0.133651 0 
0 0 0 153 53 -0.0235332 0 
0 0 0 154 54 -0.0235332 0 
0 0 0 153 55 -0.0442473 0 
0 0 0 154 56 -0.0442473 0 
0 0 0 199 53 0.285159 0 
0 0 0 200 54 0.285159 0 
0 0 0 199 57 -0.413412 0 
0 0 0 200 58 -0.413412 0 
0 0 0 101 55 -0.303435 0 
0 0 0 102 56 -0.303435 0 
0 0 0 101 57 0.355518 0 
0 0 0 102 58 0.355518 0 
0 0 -1 77 55 -0.152775 0 
0 0 -1 78 56 -0.152775 0 
0 0 -1 77 57 0.43278 0 
0 0 -1 78 58 0.43278 0 
0 -1 0 141 53 -0.26257 0 
0 -1 0 142 54 -0.26257 0 
0 -1 0 141 55 0.479245 0 
0 -1 0 142 56 0.479245 0 
0 0 0 205 53 0.217577 0 
0 0 0 206 54 0.217577 0 
0 0 0 205 57 -0.31736 0 
0 0 0 206 58 -0.31736 0 
0 0 0 123 23 -0.283145 0 
0 0 0 124 24 -0.283145 0 
0 0 0 123 25 0.11488 0 
0 0 0 124 26 0.11488 0 
0 0 0 169 23 -0.339638 0 
0 0 0 170 24 -0.339638 0 
0 0 0 169 27 -0.135754 0 
0 0 0 170 28 -0.135754 0 
0 0 0 71 25 0.379531 0 
0 0 0 72 26 0.379531 0 
0 0 0 71 27 0.0759357 0 
0 0 0 72 28 0.0759357 0 
0 0 0 95 25 0.0543362 0 
0 0 0 96 26 0.0543362 0 
0 0 0 95 27 0.440555 0 
0 0 0 96 28 0.440555 0 
0 0 0 135 23 -0.378782 0 
0 0 0 136 24 -0.378782 0 
0 0 0 135 25 -0.0899467 0 
0 0 0 136 26 -0.0899467 0 
-1 0 0 163 23 -0.0734932 0 
-1 0 0 164 24 -0.0734932 0 
-1 0 0 163 27 -0.176251 0 
-1 0 0 164 28 -0.176251 0 
0 0 0 147 47 -0.22439 0 
0 0 0 148 48 -0.22439 0 
0 0 0 147 49 0.297286 0 
0 0 0 148 50 0.297286 0 
0 0 0 193 47 0.0241904 0 
0 0 0 194 48 0.0241904 0 
0 0 0 193 51 -0.412472 0 
0 0 0 194 52 -0.412472 0 
0 0 0 95 49 -0.128007 0 
0 0 0 96 50 -0.128007 0 
0 0 0 95 51 -0.277451 0 
0 0 0 96 52 -0.277451 0 
0 0 -1 71 49 -0.24575 0 
0 0 -1 72 50 -0.24575 0 
0 0 -1 71 51 -0.200975 0 
0 0 -1 72 52 -0.200975 0 
0 0 0 159 47 0.246885 0 
0 0 0 160 48 0.246885 0 
0 0 0 159 49 0.395959 0 
0 0 0 160 50 0.395959 0 
-1 0 0 187 47 0.0524162 0 
-1 0 0 188 48 0.0524162 0 
-1 0 0 187 51 -0.213634 0 
-1 0 0 188 52 -0.213634 0 
0 0 0 135 35 0.320962 0 
0 0 0 136 36 0.320962 0 
0 0 0 135 37 -0.052851 0 
0 0 0 136 38 -0.052851 0 
0 0 0 181 35 0.15883 0 
0 0 0 182 36 0.15883 0 
0 0 0 181 39 0.00888627 0 
0 0 0 182 40 0.00888627 0 
0 0 0 83 37 -0.238546 0 
0 0 0 84 38 -0.238546 0 
0 0 0 83 39 -0.283096 0 
0 0 0 84 40 -0.283096 0 
0 0 0 107 37 -0.257161 0 
0 0 0 108 38 -0.257161 0 
0 0 0 107 39 -0.101755 0 
0 0 0 108 40 -0.101755 0 
0 -1 0 123 35 0.272998 0 
0 -1 0 124 36 0.272998 0 
0 -1 0 123 37 0.0424634 0 
0 -1 0 124 38 0.0424634 0 
-1 0 0 175 35 0.344616 0 
-1 0 0 176 36 0.344616 0 
-1 0 0 175 39 -0.203127 0 
-1 0 0 176 40 -0.203127 0 
0 0 0 159 59 -0.221521 0 
0 0 0 160 60 -0.221521 0 
0 0 0 159 61 -1.10757 0 
0 0 0 160 62 -1.10757 0 
0 0 0 205 59 -0.333728 0 
0 0 0 206 60 -0.333728 0 
0 0 0 205 63 0.170181 0 
0 0 0 206 64 0.170181 0 
0 0 0 107 61 0.165144 0 
0 0 0 108 62 0.165144 0 
0 0 0 107 63 0.0271252 0 
0 0 0 108 64 0.0271252 0 
0 0 -1 83 61 0.398933 0 
0 0 -1 84 62 0.398933 0 
0 0 -1 83 63 0.363646 0 
0 0 -1 84 64 0.363646 0 
0 -1 0 147 59 0.0806122 0 
0 -1 0 148 60 0.0806122 0 
0 -1 0 147 61 -0.0373149 0 
0 -1 0 148 62 -0.0373149 0 
-1 0 0 199 59 -0.124042 0 
-1 0 0 200 60 -0.124042 0 
-1 0 0 199 63 0.425082 0 
-1 0 0 200 64 0.425082 0 
0 0 0 21 113 -0.546719 0 
0 0 0 21 115 0.0172662 0 
0 0 0 22 114 -0.546719 0 
0 0 0 22 116 0.0172662 0 
0 0 0 19 161 -0.0155893 0 
0 0 0 19 165 0.424639 0 
0 0 0 20 162 -0.0155893 0 
0 0 0 20 166 0.424639 0 
0 0 0 17 67 -0.212561 0 
0 0 0 17 69 0.144362 0 
0 0 0 18 68 -0.212561 0 
0 0 0 18 70 0.144362 0 
0 0 0 17 91 -0.00334113 0 
0 0 0 17 93 -0.0424766 0 
0 0 0 18 92 -0.00334113 0 
0 0 0 18 94 -0.0424766 0 
0 0 0 21 125 0.215424 0 
0 0 0 21 127 -0.117111 0 
0 0 0 22 126 0.215424 0 
0 0 0 22 128 -0.117111 0 
0 0 0 19 167 0.429909 0 
0 0 0 19 171 -0.0106066 0 
0 0 0 20 168 0.429909 0 
0 0 0 20 172 -0.0106066 0 
0 0 0 45 137 0.00406462 0 
0 0 0 45 139 -0.18134 0 
0 0 0 46 138 0.00406462 0 
0 0 0 46 140 -0.18134 0 
0 0 0 43 185 -0.0706783 0 
0 0 0 43 189 0.106589 0 
0 0 0 44 186 -0.0706783 0 
0 0 0 44 190 0.106589 0 
0 0 0 41 91 -0.0170302 0 
0 0 0 41 93 -0.0502277 0 
0 0 0 42 92 -0.0170302 0 
0 0 0 42 94 -0.0502277 0 
0 0 1 41 67 0.171592 0 
0 0 1 41 69 -0.0206956 0 
0 0 1 42 68 0.171592 0 
0 0 1 42 70 -0.0206956 0 
0 0 0 45 149 0.248782 0 
0 0 0 45 151 -0.178675 0 
0 0 0 46 150 0.248782 0 
0 0 0 46 152 -0.178675 0 
0 0 0 43 191 -0.00203471 0 
0 0 0 43 195 0.473878 0 
0 0 0 44 192 -0.00203471 0 
0 0 0 44 196 0.473878 0 
0 0 0 33 125 0.198526 0 
0 0 0 33 127 0.046974 0 
0 0 0 34 126 0.198526 0 
0 0 0 34 128 0.046974 0 
0 0 0 31 173 -0.00352941 0 
0 0 0 31 177 0.29368 0 
0 0 0 32 174 -0.00352941 0 
0 0 0 32 178 0.29368 0 
0 0 0 29 79 0.253615 0 
0 0 0 29 81 -0.262769 0 
0 0 0 30 80 0.253615 0 
0 0 0 30 82 -0.262769 0 
0 0 0 29 103 0.13053 0 
0 0 0 29 105 -0.505095 0 
0 0 0 30 104 0.13053 0 
0 0 0 30 106 -0.505095 0 
0 1 0 33 113 0.270191 0 
0 1 0 33 115 0.0456247 0 
0 1 0 34 114 0.270191 0 
0 1 0 34 116 0.0456247 0 
0 0 0 31 179 -0.606001 0 
0 0 0 31 183 -0.123101 0 
0 0 0 32 180 -0.606001 0 
0 0 0 32 184 -0.123101 0 
0 0 0 57 149 -0.0223252 0 
0 0 0 57 151 -0.0419821 0 
0 0 0 58 150 -0.0223252 0 
0 0 0 58 152 -0.0419821 0 
0 0 0 55 197 0.266585 0 
0 0 0 55 201 -0.389085 0 
0 0 0 56 198 0.266585 0 
0 0 0 56 202 -0.389085 0 
0 0 0 53 103 -0.284185 0 
0 0 0 53 105 0.334063 0 
0 0 0 54 104 -0.284185 0 
0 0 0 54 106 0.334063 0 
0 0 1 53 79 -0.142318 0 
0 0 1 53 81 0.409498 0 
0 0 1 54 80 -0.142318 0 
0 0 1 54 82 0.409498 0 
0 1 0 57 137 -0.244144 0 
0 1 0 57 139 0.451397 0 
0 1 0 58 138 -0.244144 0 
0 1 0 58 140 0.451397 0 
0 0 0 55 203 0.204368 0 
0 0 0 55 207 -0.299596 0 
0 0 0 56 204 0.204368 0 
0 0 0 56 208 -0.299596 0 
0 0 0 27 119 -0.268025 0 
0 0 0 27 121 0.108166 0 
0 0 0 28 120 -0.268025 0 
0 0 0 28 122 0.108166 0 
0 0 0 25 167 -0.321646 0 
0 0 0 25 171 -0.127273 0 
0 0 0 26 168 -0.321646 0 
0 0 0 26 172 -0.127273 0 
0 0 0 23 73 0.359564 0 
0 0 0 23 75 0.0711116 0 
0 0 0 24 74 0.359564 0 
0 0 0 24 76 0.0711116 0 
0 0 0 23 97 0.0506159 0 
0 0 0 23 99 0.417675 0 
0 0 0 24 98 0.0506159 0 
0 0 0 24 100 0.417675 0 
0 0 0 27 131 -0.358955 0 
0 0 0 27 133 -0.0841669 0 
0 0 0 28 132 -0.358955 0 
0 0 0 28 134 -0.0841669 0 
1 0 0 25 161 -0.069545 0 
1 0 0 25 165 -0.167359 0 
1 0 0 26 162 -0.069545 0 
1 0 0 26 166 -0.167359 0 
0 0 0 51 143 -0.210934 0 
0 0 0 51 145 0.280566 0 
0 0 0 52 144 -0.210934 0 
0 0 0 52 146 0.280566 0 
0 0 0 49 191 0.0225919 0 
0 0 0 49 195 -0.391078 0 
0 0 0 50 192 0.0225919 0 
0 0 0 50 196 -0.391078 0 
0 0 0 47 97 -0.120534 0 
0 0 0 47 99 -0.262698 0 
0 0 0 48 98 -0.120534 0 
0 0 0 48 100 -0.262698 0 
0 0 1 47 73 -0.232211 0 
0 0 1 47 75 -0.18943 0 
0 0 1 48 74 -0.232211 0 
0 0 1 48 76 -0.18943 0 
0 0 0 51 155 0.229973 0 
0 0 0 51 157 0.373027 0 
0 0 0 52 156 0.229973 0 
0 0 0 52 158 0.373027 0 
1 0 0 49 185 0.0495043 0 
1 0 0 49 189 -0.202644 0 
1 0 0 50 186 0.0495043 0 
1 0 0 50 190 -0.202644 0 
0 0 0 39 131 0.304628 0 
0 0 0 39 133 -0.0495905 0 
0 0 0 40 132 0.304628 0 
0 0 0 40 134 -0.0495905 0 
0 0 0 37 179 0.150822 0 
0 0 0 37 183 0.00841326 0 
0 0 0 38 180 0.150822 0 
0 0 0 38 184 0.00841326 0 
0 0 0 35 85 -0.224597 0 
0 0 0 35 87 -0.267001 0 
0 0 0 36 86 -0.224597 0 
0 0 0 36 88 -0.267001 0 
0 0 0 35 109 -0.244175 0 
0 0 0 35 111 -0.0957482 0 
0 0 0 36 110 -0.244175 0 
0 0 0 36 112 -0.0957482 0 
0 1 0 39 119 0.259001 0 
0 1 0 39 121 0.0399857 0 
0 1 0 40 120 0.259001 0 
0 1 0 40 122 0.0399857 0 
1 0 0 37 173 0.325532 0 
1 0 0 37 177 -0.190337 0 
1 0 0 38 174 0.325532 0 
1 0 0 38 178 -0.190337 0 
0 0 0 63 155 -0.199259 0 
0 0 0 63 157 -1.04302 0 
0 0 0 64 156 -0.199259 0 
0 0 0 64 158 -1.04302 0 
0 0 0 61 203 -0.315554 0 
0 0 0 61 207 0.15977 0 
0 0 0 62 204 -0.315554 0 
0 0 0 62 208 0.15977 0 
0 0 0 59 109 0.15652 0 
0 0 0 59 111 0.025652 0 
0 0 0 60 110 0.15652 0 
0 0 0 60 112 0.025652 0 
0 0 1 59 85 0.373512 0 
0 0 1 59 87 0.339666 0 
0 0 1 60 86 0.373512 0 
0 0 1 60 88 0.339666 0 
0 1 0 63 143 0.07671 0 
0 1 0 63 145 -0.0354752 0 
0 1 0 64 144 0.07671 0 
0 1 0 64 146 -0.0354752 0 
1 0 0 61 197 -0.11485 0 
1 0 0 61 201 0.403055 0 
1 0 0 62 198 -0.11485 0 
1 0 0 62 202 0.403055 0 
0 0 0 1 113 0.268531 0 
0 0 0 1 115 -0.00851935 0 
0 0 0 2 114 0.268531 0 
0 0 0 2 116 -0.00851935 0 
0 0 0 1 161 0.00890059 0 
0 0 0 1 165 -0.242125 0 
0 0 0 2 162 0.00890059 0 
0 0 0 2 166 -0.242125 0 
0 0 0 1 67 0.120784 0 
0 0 0 1 69 -0.0820459 0 
0 0 0 2 68 0.120784 0 
0 0 0 2 70 -0.0820459 0 
0 0 0 1 91 -0.00158214 0 
0 0 0 1 93 -0.0201135 0 
0 0 0 2 92 -0.00158214 0 
0 0 0 2 94 -0.0201135 0 
0 0 0 1 125 0.115368 0 
0 0 0 1 127 -0.0627379 0 
0 0 0 2 126 0.115368 0 
0 0 0 2 128 -0.0627379 0 
0 0 0 1 167 0.225269 0 
0 0 0 1 171 -0.0055692 0 
0 0 0 2 168 0.225269 0 
0 0 0 2 172 -0.0055692 0 
0 0 0 9 137 -0.00209226 0 
0 0 0 9 139 0.0933073 0 
0 0 0 10 138 -0.00209226 0 
0 0 0 10 140 0.0933073 0 
0 0 0 9 185 0.0368662 0 
0 0 0 9 189 -0.0555933 0 
0 0 0 10 186 0.0368662 0 
0 0 0 10 190 -0.0555933 0 
0 0 0 9 91 0.00964076 0 
0 0 0 9 93 0.0284333 0 
0 0 0 10 92 0.00964076 0 
0 0 0 10 94 0.0284333 0 
0 0 1 9 67 0.0856319 0 
0 0 1 9 69 -0.0103323 0 
0 0 1 10 68 0.0856319 0 
0 0 1 10 70 -0.0103323 0 
0 0 0 9 149 0.129732 0 
0 0 0 9 151 -0.0932057 0 
0 0 0 10 150 0.129732 0 
0 0 0 10 152 -0.0932057 0 
0 0 0 9 191 -0.00107042 0 
0 0 0 9 195 0.24868 0 
0 0 0 10 192 -0.00107042 0 
0 0 0 10 196 0.24868 0 
0 0 0 5 125 -0.102631 0 
0 0 0 5 127 -0.0242948 0 
0 0 0 6 126 -0.102631 0 
0 0 0 6 128 -0.0242948 0 
0 0 0 5 173 0.00181526 0 
0 0 0 5 177 -0.150887 0 
0 0 0 6 174 0.00181526 0 
0 0 0 6 178 -0.150887 0 
0 0 0 5 79 -0.121355 0 
0 0 0 5 81 0.125725 0 
0 0 0 6 80 -0.121355 0 
0 0 0 6 82 0.125725 0 
0 0 0 5 103 0.0750488 0 
0 0 0 5 105 -0.289915 0 
0 0 0 6 104 0.0750488 0 
0 0 0 6 106 -0.289915 0 
0 1 0 5 113 0.151037 0 
0 1 0 5 115 0.0255189 0 
0 1 0 6 114 0.151037 0 
0 1 0 6 116 0.0255189 0 
0 0 0 5 179 -0.343274 0 
0 0 0 5 183 -0.0699182 0 
0 0 0 6 180 -0.343274 0 
0 0 0 6 184 -0.0699182 0 
0 0 0 13 149 0.0116001 0 
0 0 0 13 151 0.0218133 0 
0 0 0 14 150 0.0116001 0 
0 0 0 14 152 0.0218133 0 
0 0 0 13 197 -0.147599 0 
0 0 0 13 201 0.215276 0 
0 0 0 14 198 -0.147599 0 
0 0 0 14 202 0.215276 0 
0 0 0 13 103 0.149684 0 
0 0 0 13 105 -0.175896 0 
0 0 0 14 104 0.149684 0 
0 0 0 14 106 -0.175896 0 
0 0 1 13 79 -0.0751139 0 
0 0 1 13 81 0.215784 0 
0 0 1 14 80 -0.0751139 0 
0 0 1 14 82 0.215784 0 
0 1 0 13 137 -0.133403 0 
0 1 0 13 139 0.246323 0 
0 1 0 14 138 -0.133403 0 
0 1 0 14 140 0.246323 0 
0 0 0 13 203 0.107992 0 
0 0 0 13 207 -0.158232 0 
0 0 0 14 204 0.107992 0 
0 0 0 14 208 -0.158232 0 
0 0 0 3 119 0.146317 0 
0 0 0 3 121 -0.059081 0 
0 0 0 4 120 0.146317 0 
0 0 0 4 122 -0.059081 0 
0 0 0 3 167 0.166508 0 
0 0 0 3 171 0.0659543 0 
0 0 0 4 168 0.166508 0 
0 0 0 4 172 0.0659543 0 
0 0 0 3 73 -0.194313 0 
0 0 0 3 75 -0.0384752 0 
0 0 0 4 74 -0.194313 0 
0 0 0 4 76 -0.0384752 0 
0 0 0 3 97 0.0268921 0 
0 0 0 3 99 0.22151 0 
0 0 0 4 98 0.0268921 0 
0 0 0 4 100 0.22151 0 
0 0 0 3 131 -0.189812 0 
0 0 0 3 133 -0.0445644 0 
0 0 0 4 132 -0.189812 0 
0 0 0 4 134 -0.0445644 0 
1 0 0 3 161 -0.0341945 0 
1 0 0 3 165 -0.0822593 0 
1 0 0 4 162 -0.0341945 0 
1 0 0 4 166 -0.0822593 0 
0 0 0 11 143 0.109277 0 
0 0 0 11 145 -0.145292 0 
0 0 0 12 144 0.109277 0 
0 0 0 12 146 -0.145292 0 
0 0 0 11 191 -0.0120789 0 
0 0 0 11 195 0.208769 0 
0 0 0 12 192 -0.0120789 0 
0 0 0 12 196 0.208769 0 
0 0 0 11 97 0.0641124 0 
0 0 0 11 99 0.139651 0 
0 0 0 12 98 0.0641124 0 
0 0 0 12 100 0.139651 0 
0 0 1 11 73 -0.115922 0 
0 0 1 11 75 -0.0945897 0 
0 0 1 12 74 -0.115922 0 
0 0 1 12 76 -0.0945897 0 
0 0 0 11 155 0.116312 0 
0 0 0 11 157 0.188446 0 
0 0 0 12 156 0.116312 0 
0 0 0 12 158 0.188446 0 
1 0 0 11 185 0.0257634 0 
1 0 0 11 189 -0.105415 0 
1 0 0 12 186 0.0257634 0 
1 0 0 12 190 -0.105415 0 
0 0 0 7 131 -0.154707 0 
0 0 0 7 133 0.0252143 0 
0 0 0 8 132 -0.154707 0 
0 0 0 8 134 0.0252143 0 
0 0 0 7 179 -0.0761176 0 
0 0 0 7 183 -0.00424733 0 
0 0 0 8 180 -0.0761176 0 
0 0 0 8 184 -0.00424733 0 
0 0 0 7 85 0.124524 0 
0 0 0 7 87 0.148008 0 
0 0 0 8 86 0.124524 0 
0 0 0 8 88 0.148008 0 
0 0 0 7 109 -0.115628 0 
0 0 0 7 111 -0.0453831 0 
0 0 0 8 110 -0.115628 0 
0 0 0 8 112 -0.0453831 0 
0 1 0 7 119 0.134301 0 
0 1 0 7 121 0.02075 0 
0 1 0 8 120 0.134301 0 
0 1 0 8 122 0.02075 0 
1 0 0 7 173 0.168542 0 
1 0 0 7 177 -0.098627 0 
1 0 0 8 174 0.168542 0 
1 0 0 8 178 -0.098627 0 
0 0 0 15 155 0.126269 0 
0 0 0 15 157 0.657859 0 
0 0 0 16 156 0.126269 0 
0 0 0 16 158 0.657859 0 
0 0 0 15 203 0.169494 0 
0 0 0 15 207 -0.0858802 0 
0 0 0 16 204 0.169494 0 
0 0 0 16 208 -0.0858802 0 
0 0 0 15 109 -0.0847291 0 
0 0 0 15 111 -0.0138894 0 
0 0 0 16 110 -0.0847291 0 
0 0 0 16 112 -0.0138894 0 
0 0 1 15 85 0.200149 0 
0 0 1 15 87 0.182057 0 
0 0 1 16 86 0.200149 0 
0 0 1 16 88 0.182057 0 
0 1 0 15 143 0.0353909 0 
0 1 0 15 145 -0.0163684 0 
0 1 0 16 144 0.0353909 0 
0 1 0 16 146 -0.0163684 0 
1 0 0 15 197 -0.0558396 0 
1 0 0 15 201 0.195488 0 
1 0 0 16 198 -0.0558396 0 
1 0 0 16 202 0.195488 0 
0 0 0 19 21 0 -0.560027 
0 0 0 20 22 -0 0.560027 
0 0 0 20 17 -0.560027 -0 
0 0 0 19 18 0.560027 0 
0 0 0 21 18 0 -0.560027 
0 0 0 22 17 0 -0.560027 
0 0 0 43 45 0 -0.564196 
0 0 0 44 46 -0 0.564196 
0 0 0 44 41 -0.564196 -0 
0 0 0 43 42 0.564196 0 
0 0 0 45 42 0 -0.564196 
0 0 0 46 41 0 -0.564196 
0 0 0 31 33 0 -0.570862 
0 0 0 32 34 -0 0.570862 
0 0 0 32 29 -0.570862 -0 
0 0 0 31 30 0.570862 0 
0 0 0 33 30 0 -0.570862 
0 0 0 34 29 0 -0.570862 
0 0 0 55 57 0 -0.567416 
0 0 0 56 58 -0 0.567416 
0 0 0 56 53 -0.567416 -0 
0 0 0 55 54 0.567416 0 
0 0 0 57 54 0 -0.567416 
0 0 0 58 53 0 -0.567416 
0 0 0 25 27 0 -0.564004 
0 0 0 26 28 -0 0.564004 
0 0 0 26 23 -0.564004 -0 
0 0 0 25 24 0.564004 0 
0 0 0 27 24 0 -0.564004 
0 0 0 28 23 0 -0.564004 
0 0 0 49 51 0 -0.555996 
0 0 0 50 52 -0 0.555996 
0 0 0 50 47 -0.555996 -0 
0 0 0 49 48 0.555996 0 
0 0 0 51 48 0 -0.555996 
0 0 0 52 47 0 -0.555996 
0 0 0 37 39 0 -0.561021 
0 0 0 38 40 -0 0.561021 
0 0 0 38 35 -0.561021 -0 
0 0 0 37 36 0.561021 0 
0 0 0 39 36 0 -0.561021 
0 0 0 40 35 0 -0.561021 
0 0 0 61 63 0 -0.571881 
0 0 0 62 64 -0 0.571881 
0 0 0 62 59 -0.571881 -0 
0 0 0 61 60 0.571881 0 
0 0 0 63 60 0 -0.571881 
0 0 0 64 59 0 -0.571881 
0 0 0 163 165 0 -0.145596 
0 0 0 164 166 -0 0.145596 
0 0 0 164 161 -0.145596 -0 
0 0 0 163 162 0.145596 0 
0 0 0 115 117 0 -0.145607 
0 0 0 116 118 -0 0.145607 
0 0 0 117 114 0 -0.145607 
0 0 0 118 113 0 -0.145607 
0 0 0 68 65 -0.145577 -0 
0 0 0 67 66 0.145577 0 
0 0 0 69 66 0 -0.145577 
0 0 0 70 65 0 -0.145577 
0 0 0 187 189 0 -0.145574 
0 0 0 188 190 -0 0.145574 
0 0 0 188 185 -0.145574 -0 
0 0 0 187 186 0.145574 0 
0 0 0 139 141 0 -0.145599 
0 0 0 140 142 -0 0.145599 
0 0 0 141 138 0 -0.145599 
0 0 0 142 137 0 -0.145599 
0 0 0 92 89 -0.1456 -0 
0 0 0 91 90 0.1456 0 
0 0 0 93 90 0 -0.1456 
0 0 0 94 89 0 -0.1456 
0 0 0 175 177 0 -0.145615 
0 0 0 176 178 -0 0.145615 
0 0 0 176 173 -0.145615 -0 
0 0 0 175 174 0.145615 0 
0 0 0 127 129 0 -0.14559 
0 0 0 128 130 -0 0.14559 
0 0 0 129 126 0 -0.14559 
0 0 0 130 125 0 -0.14559 
0 0 0 80 77 -0.145607 -0 
0 0 0 79 78 0.145607 0 
0 0 0 81 78 0 -0.145607 
0 0 0 82 77 0 -0.145607 
0 0 0 199 201 0 -0.145604 
0 0 0 200 202 -0 0.145604 
0 0 0 200 197 -0.145604 -0 
0 0 0 199 198 0.145604 0 
0 0 0 151 153 0 -0.145605 
0 0 0 152 154 -0 0.145605 
0 0 0 153 150 0 -0.145605 
0 0 0 154 149 0 -0.145605 
0 0 0 104 101 -0.145605 -0 
0 0 0 103 102 0.145605 0 
0 0 0 105 102 0 -0.145605 
0 0 0 106 101 0 -0.145605 
0 0 0 169 171 0 -0.145592 
0 0 0 170 172 -0 0.145592 
0 0 0 170 167 -0.145592 -0 
0 0 0 169 168 0.145592 0 
0 0 0 121 123 0 -0.14559 
0 0 0 122 124 -0 0.14559 
0 0 0 123 120 0 -0.14559 
0 0 0 124 119 0 -0.14559 
0 0 0 74 71 -0.145617 -0 
0 0 0 73 72 0.145617 0 
0 0 0 75 72 0 -0.145617 
0 0 0 76 71 0 -0.145617 
0 0 0 193 195 0 -0.145609 
0 0 0 194 196 -0 0.145609 
0 0 0 194 191 -0.145609 -0 
0 0 0 193 192 0.145609 0 
0 0 0 145 147 0 -0.145619 
0 0 0 146 148 -0 0.145619 
0 0 0 147 144 0 -0.145619 
0 0 0 148 143 0 -0.145619 
0 0 0 98 95 -0.145586 -0 
0 0 0 97 96 0.145586 0 
0 0 0 99 96 0 -0.145586 
0 0 0 100 95 0 -0.145586 
0 0 0 181 183 0 -0.14559 
0 0 0 182 184 -0 0.14559 
0 0 0 182 179 -0.14559 -0 
0 0 0 181 180 0.14559 0 
0 0 0 133 135 0 -0.145609 
0 0 0 134 136 -0 0.145609 
0 0 0 135 132 0 -0.145609 
0 0 0 136 131 0 -0.145609 
0 0 0 86 83 -0.145603 -0 
0 0 0 85 84 0.145603 0 
0 0 0 87 84 0 -0.145603 
0 0 0 88 83 0 -0.145603 
0 0 0 205 207 0 -0.145612 
0 0 0 206 208 -0 0.145612 
0 0 0 206 203 -0.145612 -0 
0 0 0 205 204 0.145612 0 
0 0 0 157 159 0 -0.145595 
0 0 0 158 160 -0 0.145595 
0 0 0 159 156 0 -0.145595 
0 0 0 160 155 0 -0.145595 
0 0 0 110 107 -0.145612 -0 
0 0 0 109 108 0.145612 0 
0 0 0 111 108 0 -0.145612 
0 0 0 112 107 0 -0.145612 
0 0 0 165 162 0 -0.152473 
0 0 0 166 161 0 -0.152473 
0 0 0 116 113 -0.152209 -0 
0 0 0 115 114 0.152209 0 
0 0 0 67 69 0 -0.152913 
0 0 0 68 70 -0 0.152913 
0 0 0 189 186 0 -0.152978 
0 0 0 190 185 0 -0.152978 
0 0 0 140 137 -0.152396 -0 
0 0 0 139 138 0.152396 0 
0 0 0 91 93 0 -0.15239 
0 0 0 92 94 -0 0.15239 
0 0 0 177 174 0 -0.15204 
0 0 0 178 173 0 -0.15204 
0 0 0 128 125 -0.152601 -0 
0 0 0 127 126 0.152601 0 
0 0 0 79 81 0 -0.15221 
0 0 0 80 82 -0 0.15221 
0 0 0 201 198 0 -0.152283 
0 0 0 202 197 0 -0.152283 
0 0 0 152 149 -0.152257 -0 
0 0 0 151 150 0.152257 0 
0 0 0 103 105 0 -0.152273 
0 0 0 104 106 -0 0.152273 
0 0 0 171 168 0 -0.152562 
0 0 0 172 167 0 -0.152562 
0 0 0 122 119 -0.152623 -0 
0 0 0 121 120 0.152623 0 
0 0 0 73 75 0 -0.151998 
0 0 0 74 76 -0 0.151998 
0 0 0 195 192 0 -0.152164 
0 0 0 196 191 0 -0.152164 
0 0 0 146 143 -0.151936 -0 
0 0 0 145 144 0.151936 0 
0 0 0 97 99 0 -0.152709 
0 0 0 98 100 -0 0.152709 
0 0 0 183 180 0 -0.152618 
0 0 0 184 179 0 -0.152618 
0 0 0 134 131 -0.152181 -0 
0 0 0 133 132 0.152181 0 
0 0 0 85 87 0 -0.152318 
0 0 0 86 88 -0 0.152318 
0 0 0 207 204 0 -0.152098 
0 0 0 208 203 0 -0.152098 
0 0 0 158 155 -0.152504 -0 
0 0 0 157 156 0.152504 0 
0 0 0 109 111 0 -0.152113 
0 0 0 110 112 -0 0.152113 
