       0
       2
      10
      20
      28
      44
      60
      70
      94
     110
     118
     150
     174
     192
     216
     232
     256
     288
     320
     336
     368
     402
     418
     466
     482
     498
     554
     586
     610
     642
     682
     708
     756
     804
     820
     852
     884
     916
     972
    1020
    1044
    1108
    1140
    1166
    1222
    1238
    1278
    1342
    1406
    1422
    1462
    1510
    1542
    1622
    1654
    1686
    1750
    1799
    1835
    1879
    1927
    1971
    2019
    2067
    2083
    2135
    2187
    2203
    2275
    2291
    2307
    2363
    2411
    2439
    2479
    2515
    2531
    2571
    2587
    2619
    2643
    2683
    2711
    2751
    2783
    2791
    2831
    2847
    2879
    2899
    2907
    2947
    2983
    2991
    3023
    3055
    3063
    3087
    3095
    3119
    3127
    3135
    3151
    3175
    3195
    3207
    3223
    3231
    3239
    3247
    3263
    3279
    3295
    3303
    3311
    3319
    3335
    3347
    3355
    3363
    3371
