       0
       1
       9
      15
      31
      43
      59
      67
      99
     105
     129
     153
     169
     193
     241
     273
     285
     317
     347
     395
     419
     451
     475
     507
     515
     571
     595
     659
     707
     723
     787
     793
     857
     905
     937
     973
    1053
    1077
    1109
    1133
    1165
    1213
    1293
    1317
    1397
    1461
    1485
    1557
    1587
    1619
    1691
    1739
    1771
    1867
    1931
    2003
    2051
    2099
    2179
    2275
    2287
    2319
    2367
    2479
    2527
    2591
    2639
    2671
    2701
    2829
    2853
    2933
    3005
    3069
    3133
    3157
    3229
    3325
    3405
    3453
    3549
    3573
    3669
    3693
    3757
    3829
    3925
    3973
    4069
    4101
    4109
    4269
    4323
    4403
    4487
    4535
    4583
    4743
    4767
    4831
    4903
    4951
    5047
    5127
    5223
    5271
    5327
    5375
    5519
    5543
    5679
    5751
    5799
    5871
    5943
    6039
    6135
    6207
    6319
    6367
    6439
    6471
    6543
    6655
    6679
    6791
    6815
    6887
    6935
    7031
    7079
    7111
    7191
    7203
    7283
    7307
    7387
    7459
    7475
    7531
    7595
    7619
    7691
    7739
    7771
    7819
    7931
    7995
    8043
    8091
    8203
    8251
    8267
    8323
    8347
    8427
    8499
    8539
    8603
    8627
    8675
    8723
    8739
    8787
    8835
    8899
    8931
    8995
    9043
    9059
    9075
    9091
    9115
    9179
    9191
    9247
    9295
    9343
    9359
    9407
    9423
    9447
    9479
    9511
    9527
    9543
    9567
    9599
    9607
    9639
    9671
    9719
    9783
    9801
    9805
    9829
    9845
    9849
    9865
    9881
    9905
    9941
    9957
    9981
    9997
   10013
   10017
   10033
   10057
   10073
   10089
   10093
   10101
   10117
   10121
