       0
       1
       7
      19
      27
      33
      57
      81
      93
     123
     147
     171
     179
     203
     251
     257
     305
     341
     365
     389
     437
     461
     485
     515
     587
     619
     691
     739
     751
     799
     847
     895
     925
     949
    1021
    1045
    1141
    1189
    1213
    1237
    1309
    1357
    1365
    1419
    1503
    1551
    1575
    1647
    1743
    1791
    1839
    1863
    1935
    2007
    2103
    2175
    2247
    2271
    2295
    2343
    2391
    2403
    2427
    2499
    2555
    2579
    2627
    2675
    2723
    2771
    2795
    2867
    2891
    2939
    2987
    3035
    3059
    3071
    3119
    3167
    3191
    3215
    3223
    3271
    3295
    3319
    3343
    3367
