       0
       8
      32
      56
      88
     136
     160
     208
     280
     304
     360
     432
     480
     552
     624
     672
     720
     840
     912
     968
    1064
    1088
    1208
    1328
    1376
    1472
    1568
    1640
    1736
    1844
    1868
    1960
    2104
    2176
    2224
    2308
    2356
    2428
    2548
    2572
    2644
    2680
    2728
    2800
    2848
    2896
    2928
    3000
    3036
    3084
    3108
    3132
    3180
    3204
    3228
    3234
    3264
    3276
    3306
    3312
    3320
    3344
    3350
    3362
    3368
    3374
