0.0	0.0	0.0	3.0	3.0	5.692232	0.0
0.0	0.0	0.0	4.0	4.0	5.692232	0.0
0.0	0.0	0.0	5.0	5.0	5.854952	0.0
0.0	0.0	0.0	6.0	6.0	5.854952	0.0
0.0	0.0	0.0	7.0	7.0	5.737035	0.0
0.0	0.0	0.0	8.0	8.0	5.737035	0.0
0.0	0.0	0.0	29.0	29.0	5.88584	0.0
0.0	0.0	0.0	30.0	30.0	5.88584	0.0
0.0	0.0	0.0	31.0	31.0	5.824853	0.0
0.0	0.0	0.0	32.0	32.0	5.824853	0.0
0.0	0.0	0.0	33.0	33.0	5.996433	0.0
0.0	0.0	0.0	34.0	34.0	5.996433	0.0
0.0	0.0	0.0	55.0	55.0	5.964897	0.0
0.0	0.0	0.0	56.0	56.0	5.964897	0.0
0.0	0.0	0.0	57.0	57.0	5.770952	0.0
0.0	0.0	0.0	58.0	58.0	5.770952	0.0
0.0	0.0	0.0	59.0	59.0	5.924071	0.0
0.0	0.0	0.0	60.0	60.0	5.924071	0.0
0.0	0.0	0.0	81.0	81.0	6.006778	0.0
0.0	0.0	0.0	82.0	82.0	6.006778	0.0
0.0	0.0	0.0	83.0	83.0	6.035037	0.0
0.0	0.0	0.0	84.0	84.0	6.035037	0.0
0.0	0.0	0.0	85.0	85.0	5.951332	0.0
0.0	0.0	0.0	86.0	86.0	5.951332	0.0
0.0	0.0	0.0	107.0	107.0	6.028148	0.0
0.0	0.0	0.0	108.0	108.0	6.028148	0.0
0.0	0.0	0.0	109.0	109.0	5.837877	0.0
0.0	0.0	0.0	110.0	110.0	5.837877	0.0
0.0	0.0	0.0	111.0	111.0	5.90267	0.0
0.0	0.0	0.0	112.0	112.0	5.90267	0.0
0.0	0.0	0.0	133.0	133.0	5.922587	0.0
0.0	0.0	0.0	134.0	134.0	5.922587	0.0
0.0	0.0	0.0	135.0	135.0	6.029435	0.0
0.0	0.0	0.0	136.0	136.0	6.029435	0.0
0.0	0.0	0.0	137.0	137.0	5.914379	0.0
0.0	0.0	0.0	138.0	138.0	5.914379	0.0
0.0	0.0	0.0	159.0	159.0	5.823302	0.0
0.0	0.0	0.0	160.0	160.0	5.823302	0.0
0.0	0.0	0.0	161.0	161.0	5.847201	0.0
0.0	0.0	0.0	162.0	162.0	5.847201	0.0
0.0	0.0	0.0	163.0	163.0	5.985591	0.0
0.0	0.0	0.0	164.0	164.0	5.985591	0.0
0.0	0.0	0.0	185.0	185.0	5.995207	0.0
0.0	0.0	0.0	186.0	186.0	5.995207	0.0
0.0	0.0	0.0	187.0	187.0	5.864299	0.0
0.0	0.0	0.0	188.0	188.0	5.864299	0.0
0.0	0.0	0.0	189.0	189.0	5.939751	0.0
0.0	0.0	0.0	190.0	190.0	5.939751	0.0
0.0	0.0	0.0	1.0	1.0	-2.683272	0.0
0.0	0.0	0.0	2.0	2.0	-2.683272	0.0
0.0	0.0	0.0	27.0	27.0	-2.377729	0.0
0.0	0.0	0.0	28.0	28.0	-2.377729	0.0
0.0	0.0	0.0	53.0	53.0	-2.383609	0.0
0.0	0.0	0.0	54.0	54.0	-2.383609	0.0
0.0	0.0	0.0	79.0	79.0	-2.296758	0.0
0.0	0.0	0.0	80.0	80.0	-2.296758	0.0
0.0	0.0	0.0	105.0	105.0	-2.305509	0.0
0.0	0.0	0.0	106.0	106.0	-2.305509	0.0
0.0	0.0	0.0	131.0	131.0	-2.265075	0.0
0.0	0.0	0.0	132.0	132.0	-2.265075	0.0
0.0	0.0	0.0	157.0	157.0	-2.510034	0.0
0.0	0.0	0.0	158.0	158.0	-2.510034	0.0
0.0	0.0	0.0	183.0	183.0	-2.451942	0.0
0.0	0.0	0.0	184.0	184.0	-2.451942	0.0
0.0	0.0	0.0	9.0	9.0	2.376274	0.0
0.0	0.0	0.0	10.0	10.0	2.376274	0.0
0.0	0.0	0.0	11.0	11.0	2.06532	0.0
0.0	0.0	0.0	12.0	12.0	2.06532	0.0
0.0	0.0	0.0	13.0	13.0	2.132559	0.0
0.0	0.0	0.0	14.0	14.0	2.132559	0.0
0.0	0.0	0.0	15.0	15.0	2.191636	0.0
0.0	0.0	0.0	16.0	16.0	2.191636	0.0
0.0	0.0	0.0	17.0	17.0	2.429685	0.0
0.0	0.0	0.0	18.0	18.0	2.429685	0.0
0.0	0.0	0.0	19.0	19.0	2.153575	0.0
0.0	0.0	0.0	20.0	20.0	2.153575	0.0
0.0	0.0	0.0	21.0	21.0	2.312446	0.0
0.0	0.0	0.0	22.0	22.0	2.312446	0.0
0.0	0.0	0.0	23.0	23.0	2.301568	0.0
0.0	0.0	0.0	24.0	24.0	2.301568	0.0
0.0	0.0	0.0	25.0	25.0	2.549169	0.0
0.0	0.0	0.0	26.0	26.0	2.549169	0.0
0.0	0.0	0.0	35.0	35.0	2.800484	0.0
0.0	0.0	0.0	36.0	36.0	2.800484	0.0
0.0	0.0	0.0	37.0	37.0	2.684634	0.0
0.0	0.0	0.0	38.0	38.0	2.684634	0.0
0.0	0.0	0.0	39.0	39.0	2.69611	0.0
0.0	0.0	0.0	40.0	40.0	2.69611	0.0
0.0	0.0	0.0	41.0	41.0	2.73075	0.0
0.0	0.0	0.0	42.0	42.0	2.73075	0.0
0.0	0.0	0.0	43.0	43.0	2.873867	0.0
0.0	0.0	0.0	44.0	44.0	2.873867	0.0
0.0	0.0	0.0	45.0	45.0	2.692308	0.0
0.0	0.0	0.0	46.0	46.0	2.692308	0.0
0.0	0.0	0.0	47.0	47.0	2.501888	0.0
0.0	0.0	0.0	48.0	48.0	2.501888	0.0
0.0	0.0	0.0	49.0	49.0	2.537643	0.0
0.0	0.0	0.0	50.0	50.0	2.537643	0.0
0.0	0.0	0.0	51.0	51.0	2.683431	0.0
0.0	0.0	0.0	52.0	52.0	2.683431	0.0
0.0	0.0	0.0	61.0	61.0	2.578664	0.0
0.0	0.0	0.0	62.0	62.0	2.578664	0.0
0.0	0.0	0.0	63.0	63.0	2.32557	0.0
0.0	0.0	0.0	64.0	64.0	2.32557	0.0
0.0	0.0	0.0	65.0	65.0	2.233779	0.0
0.0	0.0	0.0	66.0	66.0	2.233779	0.0
0.0	0.0	0.0	67.0	67.0	2.157564	0.0
0.0	0.0	0.0	68.0	68.0	2.157564	0.0
0.0	0.0	0.0	69.0	69.0	2.460239	0.0
0.0	0.0	0.0	70.0	70.0	2.460239	0.0
0.0	0.0	0.0	71.0	71.0	2.182291	0.0
0.0	0.0	0.0	72.0	72.0	2.182291	0.0
0.0	0.0	0.0	73.0	73.0	2.259865	0.0
0.0	0.0	0.0	74.0	74.0	2.259865	0.0
0.0	0.0	0.0	75.0	75.0	2.309523	0.0
0.0	0.0	0.0	76.0	76.0	2.309523	0.0
0.0	0.0	0.0	77.0	77.0	2.525497	0.0
0.0	0.0	0.0	78.0	78.0	2.525497	0.0
0.0	0.0	0.0	87.0	87.0	2.812897	0.0
0.0	0.0	0.0	88.0	88.0	2.812897	0.0
0.0	0.0	0.0	89.0	89.0	2.643137	0.0
0.0	0.0	0.0	90.0	90.0	2.643137	0.0
0.0	0.0	0.0	91.0	91.0	2.601255	0.0
0.0	0.0	0.0	92.0	92.0	2.601255	0.0
0.0	0.0	0.0	93.0	93.0	2.319026	0.0
0.0	0.0	0.0	94.0	94.0	2.319026	0.0
0.0	0.0	0.0	95.0	95.0	2.555835	0.0
0.0	0.0	0.0	96.0	96.0	2.555835	0.0
0.0	0.0	0.0	97.0	97.0	2.245979	0.0
0.0	0.0	0.0	98.0	98.0	2.245979	0.0
0.0	0.0	0.0	99.0	99.0	2.606006	0.0
0.0	0.0	0.0	100.0	100.0	2.606006	0.0
0.0	0.0	0.0	101.0	101.0	2.587205	0.0
0.0	0.0	0.0	102.0	102.0	2.587205	0.0
0.0	0.0	0.0	103.0	103.0	2.76899	0.0
0.0	0.0	0.0	104.0	104.0	2.76899	0.0
0.0	0.0	0.0	113.0	113.0	2.561047	0.0
0.0	0.0	0.0	114.0	114.0	2.561047	0.0
0.0	0.0	0.0	115.0	115.0	2.344291	0.0
0.0	0.0	0.0	116.0	116.0	2.344291	0.0
0.0	0.0	0.0	117.0	117.0	2.382792	0.0
0.0	0.0	0.0	118.0	118.0	2.382792	0.0
0.0	0.0	0.0	119.0	119.0	2.438418	0.0
0.0	0.0	0.0	120.0	120.0	2.438418	0.0
0.0	0.0	0.0	121.0	121.0	2.673811	0.0
0.0	0.0	0.0	122.0	122.0	2.673811	0.0
0.0	0.0	0.0	123.0	123.0	2.496843	0.0
0.0	0.0	0.0	124.0	124.0	2.496843	0.0
0.0	0.0	0.0	125.0	125.0	2.626021	0.0
0.0	0.0	0.0	126.0	126.0	2.626021	0.0
0.0	0.0	0.0	127.0	127.0	2.609965	0.0
0.0	0.0	0.0	128.0	128.0	2.609965	0.0
0.0	0.0	0.0	129.0	129.0	2.772551	0.0
0.0	0.0	0.0	130.0	130.0	2.772551	0.0
0.0	0.0	0.0	139.0	139.0	2.650814	0.0
0.0	0.0	0.0	140.0	140.0	2.650814	0.0
0.0	0.0	0.0	141.0	141.0	2.41682	0.0
0.0	0.0	0.0	142.0	142.0	2.41682	0.0
0.0	0.0	0.0	143.0	143.0	2.482725	0.0
0.0	0.0	0.0	144.0	144.0	2.482725	0.0
0.0	0.0	0.0	145.0	145.0	2.874545	0.0
0.0	0.0	0.0	146.0	146.0	2.874545	0.0
0.0	0.0	0.0	147.0	147.0	2.964788	0.0
0.0	0.0	0.0	148.0	148.0	2.964788	0.0
0.0	0.0	0.0	149.0	149.0	2.901123	0.0
0.0	0.0	0.0	150.0	150.0	2.901123	0.0
0.0	0.0	0.0	151.0	151.0	2.370973	0.0
0.0	0.0	0.0	152.0	152.0	2.370973	0.0
0.0	0.0	0.0	153.0	153.0	2.329581	0.0
0.0	0.0	0.0	154.0	154.0	2.329581	0.0
0.0	0.0	0.0	155.0	155.0	2.57813	0.0
0.0	0.0	0.0	156.0	156.0	2.57813	0.0
0.0	0.0	0.0	165.0	165.0	2.418631	0.0
0.0	0.0	0.0	166.0	166.0	2.418631	0.0
0.0	0.0	0.0	167.0	167.0	2.210616	0.0
0.0	0.0	0.0	168.0	168.0	2.210616	0.0
0.0	0.0	0.0	169.0	169.0	2.237715	0.0
0.0	0.0	0.0	170.0	170.0	2.237715	0.0
0.0	0.0	0.0	171.0	171.0	2.157764	0.0
0.0	0.0	0.0	172.0	172.0	2.157764	0.0
0.0	0.0	0.0	173.0	173.0	2.464873	0.0
0.0	0.0	0.0	174.0	174.0	2.464873	0.0
0.0	0.0	0.0	175.0	175.0	2.210015	0.0
0.0	0.0	0.0	176.0	176.0	2.210015	0.0
0.0	0.0	0.0	177.0	177.0	2.113874	0.0
0.0	0.0	0.0	178.0	178.0	2.113874	0.0
0.0	0.0	0.0	179.0	179.0	2.177234	0.0
0.0	0.0	0.0	180.0	180.0	2.177234	0.0
0.0	0.0	0.0	181.0	181.0	2.416493	0.0
0.0	0.0	0.0	182.0	182.0	2.416493	0.0
0.0	0.0	0.0	191.0	191.0	2.565792	0.0
0.0	0.0	0.0	192.0	192.0	2.565792	0.0
0.0	0.0	0.0	193.0	193.0	2.332167	0.0
0.0	0.0	0.0	194.0	194.0	2.332167	0.0
0.0	0.0	0.0	195.0	195.0	2.428877	0.0
0.0	0.0	0.0	196.0	196.0	2.428877	0.0
0.0	0.0	0.0	197.0	197.0	2.579652	0.0
0.0	0.0	0.0	198.0	198.0	2.579652	0.0
0.0	0.0	0.0	199.0	199.0	2.758189	0.0
0.0	0.0	0.0	200.0	200.0	2.758189	0.0
0.0	0.0	0.0	201.0	201.0	2.577342	0.0
0.0	0.0	0.0	202.0	202.0	2.577342	0.0
0.0	0.0	0.0	203.0	203.0	2.851887	0.0
0.0	0.0	0.0	204.0	204.0	2.851887	0.0
0.0	0.0	0.0	205.0	205.0	2.763921	0.0
0.0	0.0	0.0	206.0	206.0	2.763921	0.0
0.0	0.0	0.0	207.0	207.0	2.908443	0.0
0.0	0.0	0.0	208.0	208.0	2.908443	0.0
0.0	0.0	0.0	5.0	11.0	-0.275157	0.007795
0.0	0.0	0.0	6.0	12.0	-0.275157	0.007795
0.0	0.0	0.0	7.0	13.0	-0.241703	0.00641
0.0	0.0	0.0	8.0	14.0	-0.241703	0.00641
0.0	0.0	0.0	3.0	15.0	-0.392527	0.001314
0.0	0.0	0.0	4.0	16.0	-0.392527	0.001314
0.0	0.0	0.0	7.0	19.0	-0.490007	0.00145
0.0	0.0	0.0	8.0	20.0	-0.490007	0.00145
0.0	0.0	0.0	3.0	21.0	-0.455469	0.009051
0.0	0.0	0.0	4.0	22.0	-0.455469	0.009051
0.0	0.0	0.0	5.0	23.0	-0.431279	-0.005668
0.0	0.0	0.0	6.0	24.0	-0.431279	-0.005668
-1.0	0.0	0.0	5.0	115.0	-0.396931	-0.002225
-1.0	0.0	0.0	6.0	116.0	-0.396931	-0.002225
-1.0	0.0	0.0	7.0	117.0	-0.407008	-0.002034
-1.0	0.0	0.0	8.0	118.0	-0.407008	-0.002034
0.0	-1.0	0.0	3.0	67.0	-0.267523	-0.003638
0.0	-1.0	0.0	4.0	68.0	-0.267523	-0.003638
0.0	-1.0	0.0	7.0	71.0	-0.328088	0.00393
0.0	-1.0	0.0	8.0	72.0	-0.328088	0.00393
0.0	0.0	-1.0	3.0	47.0	-0.329679	0.001006
0.0	0.0	-1.0	4.0	48.0	-0.329679	0.001006
0.0	0.0	-1.0	5.0	49.0	-0.354016	0.00254
0.0	0.0	-1.0	6.0	50.0	-0.354016	0.00254
0.0	0.0	0.0	31.0	37.0	-0.423391	0.001134
0.0	0.0	0.0	32.0	38.0	-0.423391	0.001134
0.0	0.0	0.0	33.0	39.0	-0.408755	0.000585
0.0	0.0	0.0	34.0	40.0	-0.408755	0.000585
0.0	0.0	0.0	29.0	41.0	-0.310693	-0.018066
0.0	0.0	0.0	30.0	42.0	-0.310693	-0.018066
0.0	0.0	0.0	33.0	45.0	-0.245343	-0.004991
0.0	0.0	0.0	34.0	46.0	-0.245343	-0.004991
0.0	0.0	0.0	29.0	47.0	-0.460944	-0.002753
0.0	0.0	0.0	30.0	48.0	-0.460944	-0.002753
0.0	0.0	0.0	31.0	49.0	-0.491631	-0.012081
0.0	0.0	0.0	32.0	50.0	-0.491631	-0.012081
-1.0	0.0	0.0	31.0	141.0	-0.45672	0.008583
-1.0	0.0	0.0	32.0	142.0	-0.45672	0.008583
-1.0	0.0	0.0	33.0	143.0	-0.43382	-0.001758
-1.0	0.0	0.0	34.0	144.0	-0.43382	-0.001758
0.0	-1.0	0.0	29.0	93.0	-0.398845	-0.006013
0.0	-1.0	0.0	30.0	94.0	-0.398845	-0.006013
0.0	-1.0	0.0	33.0	97.0	-0.366313	0.000333
0.0	-1.0	0.0	34.0	98.0	-0.366313	0.000333
0.0	0.0	0.0	29.0	21.0	-0.411147	-0.013819
0.0	0.0	0.0	30.0	22.0	-0.411147	-0.013819
0.0	0.0	0.0	31.0	23.0	-0.420345	0.00217
0.0	0.0	0.0	32.0	24.0	-0.420345	0.00217
0.0	0.0	0.0	57.0	63.0	-0.233606	-0.004049
0.0	0.0	0.0	58.0	64.0	-0.233606	-0.004049
0.0	0.0	0.0	59.0	65.0	-0.201231	-0.005678
0.0	0.0	0.0	60.0	66.0	-0.201231	-0.005678
0.0	0.0	0.0	55.0	67.0	-0.10791	-0.012083
0.0	0.0	0.0	56.0	68.0	-0.10791	-0.012083
0.0	0.0	0.0	59.0	71.0	-0.201529	-0.001273
0.0	0.0	0.0	60.0	72.0	-0.201529	-0.001273
0.0	0.0	0.0	55.0	73.0	-0.423259	0.006665
0.0	0.0	0.0	56.0	74.0	-0.423259	0.006665
0.0	0.0	0.0	57.0	75.0	-0.513127	-0.002417
0.0	0.0	0.0	58.0	76.0	-0.513127	-0.002417
-1.0	0.0	0.0	57.0	167.0	-0.462342	0.005172
-1.0	0.0	0.0	58.0	168.0	-0.462342	0.005172
-1.0	0.0	0.0	59.0	169.0	-0.598238	-0.001402
-1.0	0.0	0.0	60.0	170.0	-0.598238	-0.001402
0.0	0.0	0.0	55.0	15.0	-0.4918	0.006647
0.0	0.0	0.0	56.0	16.0	-0.4918	0.006647
0.0	0.0	0.0	59.0	19.0	-0.511296	-0.008049
0.0	0.0	0.0	60.0	20.0	-0.511296	-0.008049
0.0	0.0	-1.0	55.0	99.0	-0.381737	-0.001188
0.0	0.0	-1.0	56.0	100.0	-0.381737	-0.001188
0.0	0.0	-1.0	57.0	101.0	-0.37253	0.001018
0.0	0.0	-1.0	58.0	102.0	-0.37253	0.001018
0.0	0.0	0.0	83.0	89.0	-0.511764	-0.01083
0.0	0.0	0.0	84.0	90.0	-0.511764	-0.01083
0.0	0.0	0.0	85.0	91.0	-0.493664	0.002211
0.0	0.0	0.0	86.0	92.0	-0.493664	0.002211
0.0	0.0	0.0	81.0	93.0	-0.492439	-0.006403
0.0	0.0	0.0	82.0	94.0	-0.492439	-0.006403
0.0	0.0	0.0	85.0	97.0	-0.452277	-0.001806
0.0	0.0	0.0	86.0	98.0	-0.452277	-0.001806
0.0	0.0	0.0	81.0	99.0	-0.548023	-0.007181
0.0	0.0	0.0	82.0	100.0	-0.548023	-0.007181
0.0	0.0	0.0	83.0	101.0	-0.537124	0.007739
0.0	0.0	0.0	84.0	102.0	-0.537124	0.007739
-1.0	0.0	0.0	83.0	193.0	-0.272488	0.005312
-1.0	0.0	0.0	84.0	194.0	-0.272488	0.005312
-1.0	0.0	0.0	85.0	195.0	-0.211465	0.002088
-1.0	0.0	0.0	86.0	196.0	-0.211465	0.002088
0.0	0.0	0.0	81.0	41.0	-0.349658	-0.000333
0.0	0.0	0.0	82.0	42.0	-0.349658	-0.000333
0.0	0.0	0.0	85.0	45.0	-0.345579	0.011816
0.0	0.0	0.0	86.0	46.0	-0.345579	0.011816
0.0	0.0	0.0	81.0	73.0	-0.239844	-0.003688
0.0	0.0	0.0	82.0	74.0	-0.239844	-0.003688
0.0	0.0	0.0	83.0	75.0	-0.264938	-0.005621
0.0	0.0	0.0	84.0	76.0	-0.264938	-0.005621
0.0	0.0	0.0	109.0	115.0	-0.306799	0.000267
0.0	0.0	0.0	110.0	116.0	-0.306799	0.000267
0.0	0.0	0.0	111.0	117.0	-0.354402	-0.002114
0.0	0.0	0.0	112.0	118.0	-0.354402	-0.002114
0.0	0.0	0.0	107.0	119.0	-0.292085	-0.009596
0.0	0.0	0.0	108.0	120.0	-0.292085	-0.009596
0.0	0.0	0.0	111.0	123.0	-0.430199	-0.003367
0.0	0.0	0.0	112.0	124.0	-0.430199	-0.003367
0.0	0.0	0.0	107.0	125.0	-0.513513	-0.009024
0.0	0.0	0.0	108.0	126.0	-0.513513	-0.009024
0.0	0.0	0.0	109.0	127.0	-0.53059	0.003426
0.0	0.0	0.0	110.0	128.0	-0.53059	0.003426
0.0	0.0	0.0	109.0	11.0	-0.607945	0.005259
0.0	0.0	0.0	110.0	12.0	-0.607945	0.005259
0.0	0.0	0.0	111.0	13.0	-0.559096	-0.002458
0.0	0.0	0.0	112.0	14.0	-0.559096	-0.002458
0.0	-1.0	0.0	107.0	171.0	-0.329117	0.010788
0.0	-1.0	0.0	108.0	172.0	-0.329117	0.010788
0.0	-1.0	0.0	111.0	175.0	-0.307099	-0.006163
0.0	-1.0	0.0	112.0	176.0	-0.307099	-0.006163
0.0	0.0	-1.0	107.0	151.0	-0.375511	0.002391
0.0	0.0	-1.0	108.0	152.0	-0.375511	0.002391
0.0	0.0	-1.0	109.0	153.0	-0.368322	-0.003498
0.0	0.0	-1.0	110.0	154.0	-0.368322	-0.003498
0.0	0.0	0.0	135.0	141.0	-0.386157	-0.038552
0.0	0.0	0.0	136.0	142.0	-0.386157	-0.038552
0.0	0.0	0.0	137.0	143.0	-0.39815	-0.002502
0.0	0.0	0.0	138.0	144.0	-0.39815	-0.002502
0.0	0.0	0.0	133.0	145.0	-0.385485	0.01611
0.0	0.0	0.0	134.0	146.0	-0.385485	0.01611
0.0	0.0	0.0	137.0	149.0	-0.359592	-0.008391
0.0	0.0	0.0	138.0	150.0	-0.359592	-0.008391
0.0	0.0	0.0	133.0	151.0	-0.458141	0.005944
0.0	0.0	0.0	134.0	152.0	-0.458141	0.005944
0.0	0.0	0.0	135.0	153.0	-0.429727	0.02166
0.0	0.0	0.0	136.0	154.0	-0.429727	0.02166
0.0	0.0	0.0	135.0	37.0	-0.441879	-0.003698
0.0	0.0	0.0	136.0	38.0	-0.441879	-0.003698
0.0	0.0	0.0	137.0	39.0	-0.449981	0.001339
0.0	0.0	0.0	138.0	40.0	-0.449981	0.001339
0.0	-1.0	0.0	133.0	197.0	-0.474647	-0.004243
0.0	-1.0	0.0	134.0	198.0	-0.474647	-0.004243
0.0	-1.0	0.0	137.0	201.0	-0.468535	0.002929
0.0	-1.0	0.0	138.0	202.0	-0.468535	0.002929
0.0	0.0	0.0	133.0	125.0	-0.342884	0.011136
0.0	0.0	0.0	134.0	126.0	-0.342884	0.011136
0.0	0.0	0.0	135.0	127.0	-0.325818	0.000245
0.0	0.0	0.0	136.0	128.0	-0.325818	0.000245
0.0	0.0	0.0	161.0	167.0	-0.330185	-0.003741
0.0	0.0	0.0	162.0	168.0	-0.330185	-0.003741
0.0	0.0	0.0	163.0	169.0	-0.317384	-0.009515
0.0	0.0	0.0	164.0	170.0	-0.317384	-0.009515
0.0	0.0	0.0	159.0	171.0	-0.372205	-0.00168
0.0	0.0	0.0	160.0	172.0	-0.372205	-0.00168
0.0	0.0	0.0	163.0	175.0	-0.438048	0.007639
0.0	0.0	0.0	164.0	176.0	-0.438048	0.007639
0.0	0.0	0.0	159.0	177.0	-0.542448	-0.007989
0.0	0.0	0.0	160.0	178.0	-0.542448	-0.007989
0.0	0.0	0.0	161.0	179.0	-0.59578	0.001631
0.0	0.0	0.0	162.0	180.0	-0.59578	0.001631
0.0	0.0	0.0	161.0	63.0	-0.310204	-0.004849
0.0	0.0	0.0	162.0	64.0	-0.310204	-0.004849
0.0	0.0	0.0	163.0	65.0	-0.351823	0.00755
0.0	0.0	0.0	164.0	66.0	-0.351823	0.00755
0.0	0.0	0.0	159.0	119.0	-0.255299	-0.006771
0.0	0.0	0.0	160.0	120.0	-0.255299	-0.006771
0.0	0.0	0.0	163.0	123.0	-0.245812	0.003599
0.0	0.0	0.0	164.0	124.0	-0.245812	0.003599
0.0	0.0	-1.0	159.0	203.0	-0.333446	-0.000364
0.0	0.0	-1.0	160.0	204.0	-0.333446	-0.000364
0.0	0.0	-1.0	161.0	205.0	-0.32442	0.000102
0.0	0.0	-1.0	162.0	206.0	-0.32442	0.000102
0.0	0.0	0.0	187.0	193.0	-0.410867	0.016479
0.0	0.0	0.0	188.0	194.0	-0.410867	0.016479
0.0	0.0	0.0	189.0	195.0	-0.392034	0.01193
0.0	0.0	0.0	190.0	196.0	-0.392034	0.01193
0.0	0.0	0.0	185.0	197.0	-0.475768	0.006648
0.0	0.0	0.0	186.0	198.0	-0.475768	0.006648
0.0	0.0	0.0	189.0	201.0	-0.385685	4.7e-5
0.0	0.0	0.0	190.0	202.0	-0.385685	4.7e-5
0.0	0.0	0.0	185.0	203.0	-0.368369	0.002253
0.0	0.0	0.0	186.0	204.0	-0.368369	0.002253
0.0	0.0	0.0	187.0	205.0	-0.347699	-0.008946
0.0	0.0	0.0	188.0	206.0	-0.347699	-0.008946
0.0	0.0	0.0	187.0	89.0	-0.346528	0.0023
0.0	0.0	0.0	188.0	90.0	-0.346528	0.0023
0.0	0.0	0.0	189.0	91.0	-0.314932	0.000993
0.0	0.0	0.0	190.0	92.0	-0.314932	0.000993
0.0	0.0	0.0	185.0	145.0	-0.271462	0.000135
0.0	0.0	0.0	186.0	146.0	-0.271462	0.000135
0.0	0.0	0.0	189.0	149.0	-0.307289	0.001831
0.0	0.0	0.0	190.0	150.0	-0.307289	0.001831
0.0	0.0	0.0	185.0	177.0	-0.435179	0.00298
0.0	0.0	0.0	186.0	178.0	-0.435179	0.00298
0.0	0.0	0.0	187.0	179.0	-0.45131	-0.005938
0.0	0.0	0.0	188.0	180.0	-0.45131	-0.005938
0.0	0.0	0.0	3.0	9.0	1.48721	-0.004786
0.0	0.0	0.0	4.0	10.0	1.48721	-0.004786
0.0	0.0	0.0	5.0	17.0	1.831697	-0.003169
0.0	0.0	0.0	6.0	18.0	1.831697	-0.003169
0.0	0.0	0.0	7.0	25.0	1.750087	0.000634
0.0	0.0	0.0	8.0	26.0	1.750087	0.000634
-1.0	0.0	0.0	3.0	113.0	1.656227	-0.004708
-1.0	0.0	0.0	4.0	114.0	1.656227	-0.004708
0.0	-1.0	0.0	5.0	69.0	1.581725	0.002682
0.0	-1.0	0.0	6.0	70.0	1.581725	0.002682
0.0	0.0	-1.0	7.0	51.0	1.612978	-0.001644
0.0	0.0	-1.0	8.0	52.0	1.612978	-0.001644
0.0	0.0	0.0	29.0	35.0	1.655497	0.003629
0.0	0.0	0.0	30.0	36.0	1.655497	0.003629
0.0	0.0	0.0	31.0	43.0	1.412665	-0.002035
0.0	0.0	0.0	32.0	44.0	1.412665	-0.002035
0.0	0.0	0.0	33.0	51.0	1.858909	0.000486
0.0	0.0	0.0	34.0	52.0	1.858909	0.000486
-1.0	0.0	0.0	29.0	139.0	1.740324	0.003956
-1.0	0.0	0.0	30.0	140.0	1.740324	0.003956
0.0	-1.0	0.0	31.0	95.0	1.704973	-0.002263
0.0	-1.0	0.0	32.0	96.0	1.704973	-0.002263
0.0	0.0	0.0	33.0	25.0	1.776362	0.002008
0.0	0.0	0.0	34.0	26.0	1.776362	0.002008
0.0	0.0	0.0	55.0	61.0	1.354032	0.009463
0.0	0.0	0.0	56.0	62.0	1.354032	0.009463
0.0	0.0	0.0	57.0	69.0	1.097773	0.005332
0.0	0.0	0.0	58.0	70.0	1.097773	0.005332
0.0	0.0	0.0	59.0	77.0	1.889802	-0.001827
0.0	0.0	0.0	60.0	78.0	1.889802	-0.001827
-1.0	0.0	0.0	55.0	165.0	1.964084	0.00615
-1.0	0.0	0.0	56.0	166.0	1.964084	0.00615
0.0	0.0	0.0	57.0	17.0	1.936236	0.006457
0.0	0.0	0.0	58.0	18.0	1.936236	0.006457
0.0	0.0	-1.0	59.0	103.0	1.669065	0.001917
0.0	0.0	-1.0	60.0	104.0	1.669065	0.001917
0.0	0.0	0.0	81.0	87.0	1.935535	-0.004094
0.0	0.0	0.0	82.0	88.0	1.935535	-0.004094
0.0	0.0	0.0	83.0	95.0	1.859907	0.003813
0.0	0.0	0.0	84.0	96.0	1.859907	0.003813
0.0	0.0	0.0	85.0	103.0	1.938727	-0.000942
0.0	0.0	0.0	86.0	104.0	1.938727	-0.000942
-1.0	0.0	0.0	81.0	191.0	1.363568	0.000431
-1.0	0.0	0.0	82.0	192.0	1.363568	0.000431
0.0	0.0	0.0	83.0	43.0	1.646742	-0.000695
0.0	0.0	0.0	84.0	44.0	1.646742	-0.000695
0.0	0.0	0.0	85.0	77.0	1.380714	-0.003302
0.0	0.0	0.0	86.0	78.0	1.380714	-0.003302
0.0	0.0	0.0	107.0	113.0	1.631639	0.004601
0.0	0.0	0.0	108.0	114.0	1.631639	0.004601
0.0	0.0	0.0	109.0	121.0	1.668378	-0.003697
0.0	0.0	0.0	110.0	122.0	1.668378	-0.003697
0.0	0.0	0.0	111.0	129.0	1.888388	-0.001374
0.0	0.0	0.0	112.0	130.0	1.888388	-0.001374
0.0	0.0	0.0	107.0	9.0	2.119069	0.003632
0.0	0.0	0.0	108.0	10.0	2.119069	0.003632
0.0	-1.0	0.0	109.0	173.0	1.57137	0.006953
0.0	-1.0	0.0	110.0	174.0	1.57137	0.006953
0.0	0.0	-1.0	111.0	155.0	1.681166	-0.0009
0.0	0.0	-1.0	112.0	156.0	1.681166	-0.0009
0.0	0.0	0.0	133.0	139.0	1.640078	0.004571
0.0	0.0	0.0	134.0	140.0	1.640078	0.004571
0.0	0.0	0.0	135.0	147.0	1.591705	0.001327
0.0	0.0	0.0	136.0	148.0	1.591705	0.001327
0.0	0.0	0.0	137.0	155.0	1.714066	-0.003071
0.0	0.0	0.0	138.0	156.0	1.714066	-0.003071
0.0	0.0	0.0	133.0	35.0	1.710999	0.002924
0.0	0.0	0.0	134.0	36.0	1.710999	0.002924
0.0	-1.0	0.0	135.0	199.0	1.85738	-0.001701
0.0	-1.0	0.0	136.0	200.0	1.85738	-0.001701
0.0	0.0	0.0	137.0	129.0	1.572851	0.004275
0.0	0.0	0.0	138.0	130.0	1.572851	0.004275
0.0	0.0	0.0	159.0	165.0	1.518748	-0.000986
0.0	0.0	0.0	160.0	166.0	1.518748	-0.000986
0.0	0.0	0.0	161.0	173.0	1.773416	-0.003238
0.0	0.0	0.0	162.0	174.0	1.773416	-0.003238
0.0	0.0	0.0	163.0	181.0	2.085636	-0.002734
0.0	0.0	0.0	164.0	182.0	2.085636	-0.002734
0.0	0.0	0.0	159.0	61.0	1.632134	-0.005293
0.0	0.0	0.0	160.0	62.0	1.632134	-0.005293
0.0	0.0	0.0	161.0	121.0	1.405727	-0.005259
0.0	0.0	0.0	162.0	122.0	1.405727	-0.005259
0.0	0.0	-1.0	163.0	207.0	1.507645	0.00103
0.0	0.0	-1.0	164.0	208.0	1.507645	0.00103
0.0	0.0	0.0	185.0	191.0	1.723004	-0.009056
0.0	0.0	0.0	186.0	192.0	1.723004	-0.009056
0.0	0.0	0.0	187.0	199.0	1.713318	0.0024
0.0	0.0	0.0	188.0	200.0	1.713318	0.0024
0.0	0.0	0.0	189.0	207.0	1.537804	-0.004006
0.0	0.0	0.0	190.0	208.0	1.537804	-0.004006
0.0	0.0	0.0	185.0	87.0	1.575427	3.8e-5
0.0	0.0	0.0	186.0	88.0	1.575427	3.8e-5
0.0	0.0	0.0	187.0	147.0	1.390714	0.005155
0.0	0.0	0.0	188.0	148.0	1.390714	0.005155
0.0	0.0	0.0	189.0	181.0	1.76465	-0.007154
0.0	0.0	0.0	190.0	182.0	1.76465	-0.007154
0.0	0.0	0.0	1.0	9.0	0.828392	0.000324
0.0	0.0	0.0	2.0	10.0	0.828392	0.000324
0.0	0.0	0.0	1.0	17.0	1.104928	0.002821
0.0	0.0	0.0	2.0	18.0	1.104928	0.002821
0.0	0.0	0.0	1.0	25.0	1.113321	-0.000826
0.0	0.0	0.0	2.0	26.0	1.113321	-0.000826
-1.0	0.0	0.0	1.0	113.0	-1.045788	-0.002568
-1.0	0.0	0.0	2.0	114.0	-1.045788	-0.002568
0.0	-1.0	0.0	1.0	69.0	-0.975002	-0.003905
0.0	-1.0	0.0	2.0	70.0	-0.975002	-0.003905
0.0	0.0	-1.0	1.0	51.0	-0.942539	-0.000332
0.0	0.0	-1.0	2.0	52.0	-0.942539	-0.000332
0.0	0.0	0.0	27.0	35.0	1.074909	0.002258
0.0	0.0	0.0	28.0	36.0	1.074909	0.002258
0.0	0.0	0.0	27.0	43.0	0.769614	-0.000415
0.0	0.0	0.0	28.0	44.0	0.769614	-0.000415
0.0	0.0	0.0	27.0	51.0	1.229609	0.0002
0.0	0.0	0.0	28.0	52.0	1.229609	0.0002
-1.0	0.0	0.0	27.0	139.0	-1.149528	0.002917
-1.0	0.0	0.0	28.0	140.0	-1.149528	0.002917
0.0	-1.0	0.0	27.0	95.0	-1.052867	0.001273
0.0	-1.0	0.0	28.0	96.0	-1.052867	0.001273
0.0	0.0	0.0	27.0	25.0	-1.117961	0.000443
0.0	0.0	0.0	28.0	26.0	-1.117961	0.000443
0.0	0.0	0.0	53.0	61.0	0.635601	-0.004378
0.0	0.0	0.0	54.0	62.0	0.635601	-0.004378
0.0	0.0	0.0	53.0	69.0	0.503787	0.000627
0.0	0.0	0.0	54.0	70.0	0.503787	0.000627
0.0	0.0	0.0	53.0	77.0	1.344853	-0.000399
0.0	0.0	0.0	54.0	78.0	1.344853	-0.000399
-1.0	0.0	0.0	53.0	165.0	-1.55046	0.000854
-1.0	0.0	0.0	54.0	166.0	-1.55046	0.000854
0.0	0.0	0.0	53.0	17.0	-1.288848	0.005595
0.0	0.0	0.0	54.0	18.0	-1.288848	0.005595
0.0	0.0	-1.0	53.0	103.0	-0.974591	0.000222
0.0	0.0	-1.0	54.0	104.0	-0.974591	0.000222
0.0	0.0	0.0	79.0	87.0	1.288682	-0.001701
0.0	0.0	0.0	80.0	88.0	1.288682	-0.001701
0.0	0.0	0.0	79.0	95.0	1.235063	0.001808
0.0	0.0	0.0	80.0	96.0	1.235063	0.001808
0.0	0.0	0.0	79.0	103.0	1.390768	-0.00069
0.0	0.0	0.0	80.0	104.0	1.390768	-0.00069
-1.0	0.0	0.0	79.0	191.0	-0.772613	-0.002513
-1.0	0.0	0.0	80.0	192.0	-0.772613	-0.002513
0.0	0.0	0.0	79.0	43.0	-0.973921	-0.000871
0.0	0.0	0.0	80.0	44.0	-0.973921	-0.000871
0.0	0.0	0.0	79.0	77.0	-0.692544	-0.000719
0.0	0.0	0.0	80.0	78.0	-0.692544	-0.000719
0.0	0.0	0.0	105.0	113.0	0.925725	-0.000329
0.0	0.0	0.0	106.0	114.0	0.925725	-0.000329
0.0	0.0	0.0	105.0	121.0	1.083082	-0.002417
0.0	0.0	0.0	106.0	122.0	1.083082	-0.002417
0.0	0.0	0.0	105.0	129.0	1.279203	0.001105
0.0	0.0	0.0	106.0	130.0	1.279203	0.001105
0.0	0.0	0.0	105.0	9.0	-1.551811	0.003011
0.0	0.0	0.0	106.0	10.0	-1.551811	0.003011
0.0	-1.0	0.0	105.0	173.0	-0.826917	0.003478
0.0	-1.0	0.0	106.0	174.0	-0.826917	0.003478
0.0	0.0	-1.0	105.0	155.0	-1.038372	0.001453
0.0	0.0	-1.0	106.0	156.0	-1.038372	0.001453
0.0	0.0	0.0	131.0	139.0	1.04329	0.001982
0.0	0.0	0.0	132.0	140.0	1.04329	0.001982
0.0	0.0	0.0	131.0	147.0	0.989105	-0.003187
0.0	0.0	0.0	132.0	148.0	0.989105	-0.003187
0.0	0.0	0.0	131.0	155.0	1.099011	0.002023
0.0	0.0	0.0	132.0	156.0	1.099011	0.002023
0.0	0.0	0.0	131.0	35.0	-1.155276	0.001115
0.0	0.0	0.0	132.0	36.0	-1.155276	0.001115
0.0	-1.0	0.0	131.0	199.0	-1.24764	-0.005441
0.0	-1.0	0.0	132.0	200.0	-1.24764	-0.005441
0.0	0.0	0.0	131.0	129.0	-0.956975	0.002354
0.0	0.0	0.0	132.0	130.0	-0.956975	0.002354
0.0	0.0	0.0	157.0	165.0	0.840667	0.002278
0.0	0.0	0.0	158.0	166.0	0.840667	0.002278
0.0	0.0	0.0	157.0	173.0	1.138051	0.005738
0.0	0.0	0.0	158.0	174.0	1.138051	0.005738
0.0	0.0	0.0	157.0	181.0	1.525063	-0.000462
0.0	0.0	0.0	158.0	182.0	1.525063	-0.000462
0.0	0.0	0.0	157.0	61.0	-1.039291	-0.002525
0.0	0.0	0.0	158.0	62.0	-1.039291	-0.002525
0.0	0.0	0.0	157.0	121.0	-0.744034	0.001076
0.0	0.0	0.0	158.0	122.0	-0.744034	0.001076
0.0	0.0	-1.0	157.0	207.0	-0.846164	-0.000265
0.0	0.0	-1.0	158.0	208.0	-0.846164	-0.000265
0.0	0.0	0.0	183.0	191.0	1.168198	-0.003882
0.0	0.0	0.0	184.0	192.0	1.168198	-0.003882
0.0	0.0	0.0	183.0	199.0	1.096684	-0.001321
0.0	0.0	0.0	184.0	200.0	1.096684	-0.001321
0.0	0.0	0.0	183.0	207.0	0.948864	0.00057
0.0	0.0	0.0	184.0	208.0	0.948864	0.00057
0.0	0.0	0.0	183.0	87.0	-0.900395	-0.000831
0.0	0.0	0.0	184.0	88.0	-0.900395	-0.000831
0.0	0.0	0.0	183.0	147.0	-0.778206	-0.000426
0.0	0.0	0.0	184.0	148.0	-0.778206	-0.000426
0.0	0.0	0.0	183.0	181.0	-1.119304	8.6e-5
0.0	0.0	0.0	184.0	182.0	-1.119304	8.6e-5
0.0	0.0	0.0	9.0	5.0	0.220515	-0.004115
0.0	0.0	0.0	10.0	6.0	0.220515	-0.004115
0.0	0.0	0.0	9.0	7.0	-0.19746	-0.000614
0.0	0.0	0.0	10.0	8.0	-0.19746	-0.000614
0.0	0.0	0.0	17.0	3.0	-0.32721	-0.001172
0.0	0.0	0.0	18.0	4.0	-0.32721	-0.001172
0.0	0.0	0.0	17.0	7.0	-0.09174	-0.005411
0.0	0.0	0.0	18.0	8.0	-0.09174	-0.005411
0.0	0.0	0.0	25.0	3.0	0.216716	-0.003228
0.0	0.0	0.0	26.0	4.0	0.216716	-0.003228
0.0	0.0	0.0	25.0	5.0	0.044866	0.008556
0.0	0.0	0.0	26.0	6.0	0.044866	0.008556
1.0	0.0	0.0	113.0	5.0	0.259885	0.011541
1.0	0.0	0.0	114.0	6.0	0.259885	0.011541
1.0	0.0	0.0	113.0	7.0	0.135535	0.003419
1.0	0.0	0.0	114.0	8.0	0.135535	0.003419
0.0	1.0	0.0	69.0	3.0	-0.48642	-0.010552
0.0	1.0	0.0	70.0	4.0	-0.48642	-0.010552
0.0	1.0	0.0	69.0	7.0	-0.069863	-0.006724
0.0	1.0	0.0	70.0	8.0	-0.069863	-0.006724
0.0	0.0	1.0	51.0	3.0	-0.060561	0.00121
0.0	0.0	1.0	52.0	4.0	-0.060561	0.00121
0.0	0.0	1.0	51.0	5.0	0.17301	0.006563
0.0	0.0	1.0	52.0	6.0	0.17301	0.006563
0.0	0.0	0.0	35.0	31.0	-0.030989	0.051025
0.0	0.0	0.0	36.0	32.0	-0.030989	0.051025
0.0	0.0	0.0	35.0	33.0	-0.068555	0.00545
0.0	0.0	0.0	36.0	34.0	-0.068555	0.00545
0.0	0.0	0.0	43.0	29.0	0.072495	-0.013525
0.0	0.0	0.0	44.0	30.0	0.072495	-0.013525
0.0	0.0	0.0	43.0	33.0	0.111444	0.007177
0.0	0.0	0.0	44.0	34.0	0.111444	0.007177
0.0	0.0	0.0	51.0	29.0	0.013099	-0.003778
0.0	0.0	0.0	52.0	30.0	0.013099	-0.003778
0.0	0.0	0.0	51.0	31.0	-0.071451	-0.006443
0.0	0.0	0.0	52.0	32.0	-0.071451	-0.006443
1.0	0.0	0.0	139.0	31.0	-0.16484	0.046422
1.0	0.0	0.0	140.0	32.0	-0.16484	0.046422
1.0	0.0	0.0	139.0	33.0	0.130791	0.002118
1.0	0.0	0.0	140.0	34.0	0.130791	0.002118
0.0	1.0	0.0	95.0	29.0	0.101936	-0.039774
0.0	1.0	0.0	96.0	30.0	0.101936	-0.039774
0.0	1.0	0.0	95.0	33.0	0.195537	0.007297
0.0	1.0	0.0	96.0	34.0	0.195537	0.007297
0.0	0.0	0.0	25.0	29.0	-0.125975	-0.004242
0.0	0.0	0.0	26.0	30.0	-0.125975	-0.004242
0.0	0.0	0.0	25.0	31.0	-0.205129	-0.004779
0.0	0.0	0.0	26.0	32.0	-0.205129	-0.004779
0.0	0.0	0.0	61.0	57.0	-0.191469	-0.025909
0.0	0.0	0.0	62.0	58.0	-0.191469	-0.025909
0.0	0.0	0.0	61.0	59.0	-0.209658	0.001086
0.0	0.0	0.0	62.0	60.0	-0.209658	0.001086
0.0	0.0	0.0	69.0	55.0	0.338674	0.024894
0.0	0.0	0.0	70.0	56.0	0.338674	0.024894
0.0	0.0	0.0	69.0	59.0	0.043049	0.000575
0.0	0.0	0.0	70.0	60.0	0.043049	0.000575
0.0	0.0	0.0	77.0	55.0	0.469983	-0.001653
0.0	0.0	0.0	78.0	56.0	0.469983	-0.001653
0.0	0.0	0.0	77.0	57.0	-0.032517	-0.002998
0.0	0.0	0.0	78.0	58.0	-0.032517	-0.002998
1.0	0.0	0.0	165.0	57.0	-0.783869	0.034864
1.0	0.0	0.0	166.0	58.0	-0.783869	0.034864
1.0	0.0	0.0	165.0	59.0	-0.337856	0.001406
1.0	0.0	0.0	166.0	60.0	-0.337856	0.001406
0.0	0.0	0.0	17.0	55.0	0.319276	-0.005907
0.0	0.0	0.0	18.0	56.0	0.319276	-0.005907
0.0	0.0	0.0	17.0	59.0	0.08787	-0.00568
0.0	0.0	0.0	18.0	60.0	0.08787	-0.00568
0.0	0.0	1.0	103.0	55.0	0.024557	-0.000451
0.0	0.0	1.0	104.0	56.0	0.024557	-0.000451
0.0	0.0	1.0	103.0	57.0	-0.217356	-0.000584
0.0	0.0	1.0	104.0	58.0	-0.217356	-0.000584
0.0	0.0	0.0	87.0	83.0	-0.040347	0.041778
0.0	0.0	0.0	88.0	84.0	-0.040347	0.041778
0.0	0.0	0.0	87.0	85.0	0.03276	-0.00894
0.0	0.0	0.0	88.0	86.0	0.03276	-0.00894
0.0	0.0	0.0	95.0	81.0	-0.236452	-0.03778
0.0	0.0	0.0	96.0	82.0	-0.236452	-0.03778
0.0	0.0	0.0	95.0	85.0	-0.331207	0.000778
0.0	0.0	0.0	96.0	86.0	-0.331207	0.000778
0.0	0.0	0.0	103.0	81.0	-0.333381	0.008438
0.0	0.0	0.0	104.0	82.0	-0.333381	0.008438
0.0	0.0	0.0	103.0	83.0	0.109313	-0.003702
0.0	0.0	0.0	104.0	84.0	0.109313	-0.003702
1.0	0.0	0.0	191.0	83.0	0.229933	0.008893
1.0	0.0	0.0	192.0	84.0	0.229933	0.008893
1.0	0.0	0.0	191.0	85.0	0.40559	-0.004249
1.0	0.0	0.0	192.0	86.0	0.40559	-0.004249
0.0	0.0	0.0	43.0	81.0	-0.00797	-0.001462
0.0	0.0	0.0	44.0	82.0	-0.00797	-0.001462
0.0	0.0	0.0	43.0	85.0	-0.043531	0.002595
0.0	0.0	0.0	44.0	86.0	-0.043531	0.002595
0.0	0.0	0.0	77.0	81.0	-0.11583	0.012251
0.0	0.0	0.0	78.0	82.0	-0.11583	0.012251
0.0	0.0	0.0	77.0	83.0	0.138443	-0.000125
0.0	0.0	0.0	78.0	84.0	0.138443	-0.000125
0.0	0.0	0.0	113.0	109.0	-0.293955	0.001796
0.0	0.0	0.0	114.0	110.0	-0.293955	0.001796
0.0	0.0	0.0	113.0	111.0	-0.020624	0.006855
0.0	0.0	0.0	114.0	112.0	-0.020624	0.006855
0.0	0.0	0.0	121.0	107.0	0.514037	-0.010886
0.0	0.0	0.0	122.0	108.0	0.514037	-0.010886
0.0	0.0	0.0	121.0	111.0	-0.12428	0.003705
0.0	0.0	0.0	122.0	112.0	-0.12428	0.003705
0.0	0.0	0.0	129.0	107.0	-0.015641	-0.005482
0.0	0.0	0.0	130.0	108.0	-0.015641	-0.005482
0.0	0.0	0.0	129.0	109.0	-0.012576	0.005868
0.0	0.0	0.0	130.0	110.0	-0.012576	0.005868
0.0	0.0	0.0	9.0	109.0	-0.28196	0.043874
0.0	0.0	0.0	10.0	110.0	-0.28196	0.043874
0.0	0.0	0.0	9.0	111.0	0.189735	0.005486
0.0	0.0	0.0	10.0	112.0	0.189735	0.005486
0.0	1.0	0.0	173.0	107.0	0.178689	0.006703
0.0	1.0	0.0	174.0	108.0	0.178689	0.006703
0.0	1.0	0.0	173.0	111.0	-0.01672	0.004934
0.0	1.0	0.0	174.0	112.0	-0.01672	0.004934
0.0	0.0	1.0	155.0	107.0	-0.154409	-0.001057
0.0	0.0	1.0	156.0	108.0	-0.154409	-0.001057
0.0	0.0	1.0	155.0	109.0	0.247667	0.003934
0.0	0.0	1.0	156.0	110.0	0.247667	0.003934
0.0	0.0	0.0	139.0	135.0	0.104389	0.065599
0.0	0.0	0.0	140.0	136.0	0.104389	0.065599
0.0	0.0	0.0	139.0	137.0	-0.038244	-0.019846
0.0	0.0	0.0	140.0	138.0	-0.038244	-0.019846
0.0	0.0	0.0	147.0	133.0	-0.022332	-0.056033
0.0	0.0	0.0	148.0	134.0	-0.022332	-0.056033
0.0	0.0	0.0	147.0	137.0	-0.12972	-0.012347
0.0	0.0	0.0	148.0	138.0	-0.12972	-0.012347
0.0	0.0	0.0	155.0	133.0	-0.027923	0.009573
0.0	0.0	0.0	156.0	134.0	-0.027923	0.009573
0.0	0.0	0.0	155.0	135.0	-0.045145	0.008438
0.0	0.0	0.0	156.0	136.0	-0.045145	0.008438
0.0	0.0	0.0	35.0	135.0	0.076134	0.087052
0.0	0.0	0.0	36.0	136.0	0.076134	0.087052
0.0	0.0	0.0	35.0	137.0	-0.031431	-0.023642
0.0	0.0	0.0	36.0	138.0	-0.031431	-0.023642
0.0	1.0	0.0	199.0	133.0	-0.152233	-0.077729
0.0	1.0	0.0	200.0	134.0	-0.152233	-0.077729
0.0	1.0	0.0	199.0	137.0	0.063058	-0.018156
0.0	1.0	0.0	200.0	138.0	0.063058	-0.018156
0.0	0.0	0.0	129.0	133.0	0.085021	0.021157
0.0	0.0	0.0	130.0	134.0	0.085021	0.021157
0.0	0.0	0.0	129.0	135.0	-0.068884	0.024108
0.0	0.0	0.0	130.0	136.0	-0.068884	0.024108
0.0	0.0	0.0	165.0	161.0	0.296616	-0.010084
0.0	0.0	0.0	166.0	162.0	0.296616	-0.010084
0.0	0.0	0.0	165.0	163.0	0.239435	-0.002849
0.0	0.0	0.0	166.0	164.0	0.239435	-0.002849
0.0	0.0	0.0	173.0	159.0	-0.414776	-0.000176
0.0	0.0	0.0	174.0	160.0	-0.414776	-0.000176
0.0	0.0	0.0	173.0	163.0	-0.10586	0.008104
0.0	0.0	0.0	174.0	164.0	-0.10586	0.008104
0.0	0.0	0.0	181.0	159.0	-0.223304	-0.007457
0.0	0.0	0.0	182.0	160.0	-0.223304	-0.007457
0.0	0.0	0.0	181.0	161.0	-0.178162	-0.003432
0.0	0.0	0.0	182.0	162.0	-0.178162	-0.003432
0.0	0.0	0.0	61.0	161.0	0.447122	-0.00623
0.0	0.0	0.0	62.0	162.0	0.447122	-0.00623
0.0	0.0	0.0	61.0	163.0	0.254886	-0.002523
0.0	0.0	0.0	62.0	164.0	0.254886	-0.002523
0.0	0.0	0.0	121.0	159.0	-0.275282	0.019379
0.0	0.0	0.0	122.0	160.0	-0.275282	0.019379
0.0	0.0	0.0	121.0	163.0	0.150155	0.002401
0.0	0.0	0.0	122.0	164.0	0.150155	0.002401
0.0	0.0	1.0	207.0	159.0	-0.224244	-0.004164
0.0	0.0	1.0	208.0	160.0	-0.224244	-0.004164
0.0	0.0	1.0	207.0	161.0	-0.111641	-0.001009
0.0	0.0	1.0	208.0	162.0	-0.111641	-0.001009
0.0	0.0	0.0	191.0	187.0	-0.350765	0.042438
0.0	0.0	0.0	192.0	188.0	-0.350765	0.042438
0.0	0.0	0.0	191.0	189.0	-0.297896	0.013215
0.0	0.0	0.0	192.0	190.0	-0.297896	0.013215
0.0	0.0	0.0	199.0	185.0	0.012449	-0.008538
0.0	0.0	0.0	200.0	186.0	0.012449	-0.008538
0.0	0.0	0.0	199.0	189.0	0.028419	0.002298
0.0	0.0	0.0	200.0	190.0	0.028419	0.002298
0.0	0.0	0.0	207.0	185.0	0.169978	-0.01281
0.0	0.0	0.0	208.0	186.0	0.169978	-0.01281
0.0	0.0	0.0	207.0	187.0	0.109768	-0.000243
0.0	0.0	0.0	208.0	188.0	0.109768	-0.000243
0.0	0.0	0.0	87.0	187.0	0.061246	0.020396
0.0	0.0	0.0	88.0	188.0	0.061246	0.020396
0.0	0.0	0.0	87.0	189.0	-0.274917	0.014274
0.0	0.0	0.0	88.0	190.0	-0.274917	0.014274
0.0	0.0	0.0	147.0	185.0	0.138261	-0.015626
0.0	0.0	0.0	148.0	186.0	0.138261	-0.015626
0.0	0.0	0.0	147.0	189.0	0.045559	-0.003987
0.0	0.0	0.0	148.0	190.0	0.045559	-0.003987
0.0	0.0	0.0	181.0	185.0	0.27376	-0.01823
0.0	0.0	0.0	182.0	186.0	0.27376	-0.01823
0.0	0.0	0.0	181.0	187.0	0.04716	0.003841
0.0	0.0	0.0	182.0	188.0	0.04716	0.003841
0.0	0.0	0.0	3.0	11.0	0.161534	0.015686
0.0	0.0	0.0	4.0	12.0	0.161534	0.015686
0.0	0.0	0.0	3.0	13.0	-0.216093	0.004713
0.0	0.0	0.0	4.0	14.0	-0.216093	0.004713
0.0	0.0	0.0	5.0	15.0	-0.259601	-0.003493
0.0	0.0	0.0	6.0	16.0	-0.259601	-0.003493
0.0	0.0	0.0	5.0	19.0	-0.081351	-0.002815
0.0	0.0	0.0	6.0	20.0	-0.081351	-0.002815
0.0	0.0	0.0	7.0	21.0	0.26705	0.000834
0.0	0.0	0.0	8.0	22.0	0.26705	0.000834
0.0	0.0	0.0	7.0	23.0	0.016125	0.002257
0.0	0.0	0.0	8.0	24.0	0.016125	0.002257
-1.0	0.0	0.0	3.0	115.0	0.221218	0.021019
-1.0	0.0	0.0	4.0	116.0	0.221218	0.021019
-1.0	0.0	0.0	3.0	117.0	0.190186	0.000867
-1.0	0.0	0.0	4.0	118.0	0.190186	0.000867
0.0	-1.0	0.0	5.0	67.0	-0.476563	-0.005343
0.0	-1.0	0.0	6.0	68.0	-0.476563	-0.005343
0.0	-1.0	0.0	5.0	71.0	-0.068872	-0.001802
0.0	-1.0	0.0	6.0	72.0	-0.068872	-0.001802
0.0	0.0	-1.0	7.0	47.0	-0.077291	-0.002788
0.0	0.0	-1.0	8.0	48.0	-0.077291	-0.002788
0.0	0.0	-1.0	7.0	49.0	0.210056	0.003929
0.0	0.0	-1.0	8.0	50.0	0.210056	0.003929
0.0	0.0	0.0	29.0	37.0	-0.010702	0.001275
0.0	0.0	0.0	30.0	38.0	-0.010702	0.001275
0.0	0.0	0.0	29.0	39.0	-0.120132	0.007082
0.0	0.0	0.0	30.0	40.0	-0.120132	0.007082
0.0	0.0	0.0	31.0	41.0	0.099487	-0.013202
0.0	0.0	0.0	32.0	42.0	0.099487	-0.013202
0.0	0.0	0.0	31.0	45.0	0.099224	-0.009505
0.0	0.0	0.0	32.0	46.0	0.099224	-0.009505
0.0	0.0	0.0	33.0	47.0	-0.030598	0.003419
0.0	0.0	0.0	34.0	48.0	-0.030598	0.003419
0.0	0.0	0.0	33.0	49.0	0.010401	-0.001095
0.0	0.0	0.0	34.0	50.0	0.010401	-0.001095
-1.0	0.0	0.0	29.0	141.0	-0.120798	0.0366
-1.0	0.0	0.0	30.0	142.0	-0.120798	0.0366
-1.0	0.0	0.0	29.0	143.0	0.121117	-0.00425
-1.0	0.0	0.0	30.0	144.0	0.121117	-0.00425
0.0	-1.0	0.0	31.0	93.0	0.07766	-0.009309
0.0	-1.0	0.0	32.0	94.0	0.07766	-0.009309
0.0	-1.0	0.0	31.0	97.0	0.177699	0.007321
0.0	-1.0	0.0	32.0	98.0	0.177699	0.007321
0.0	0.0	0.0	33.0	21.0	-0.12112	-0.002142
0.0	0.0	0.0	34.0	22.0	-0.12112	-0.002142
0.0	0.0	0.0	33.0	23.0	-0.183064	0.005465
0.0	0.0	0.0	34.0	24.0	-0.183064	0.005465
0.0	0.0	0.0	55.0	63.0	-0.139493	-0.009286
0.0	0.0	0.0	56.0	64.0	-0.139493	-0.009286
0.0	0.0	0.0	55.0	65.0	-0.153112	-0.000799
0.0	0.0	0.0	56.0	66.0	-0.153112	-0.000799
0.0	0.0	0.0	57.0	67.0	0.274678	0.005987
0.0	0.0	0.0	58.0	68.0	0.274678	0.005987
0.0	0.0	0.0	57.0	71.0	0.038981	-0.002625
0.0	0.0	0.0	58.0	72.0	0.038981	-0.002625
0.0	0.0	0.0	59.0	73.0	0.404415	0.004113
0.0	0.0	0.0	60.0	74.0	0.404415	0.004113
0.0	0.0	0.0	59.0	75.0	0.015918	0.006489
0.0	0.0	0.0	60.0	76.0	0.015918	0.006489
-1.0	0.0	0.0	55.0	167.0	-0.736021	0.030976
-1.0	0.0	0.0	56.0	168.0	-0.736021	0.030976
-1.0	0.0	0.0	55.0	169.0	-0.256979	-0.000891
-1.0	0.0	0.0	56.0	170.0	-0.256979	-0.000891
0.0	0.0	0.0	57.0	15.0	0.270972	-0.01275
0.0	0.0	0.0	58.0	16.0	0.270972	-0.01275
0.0	0.0	0.0	57.0	19.0	0.05218	-0.001356
0.0	0.0	0.0	58.0	20.0	0.05218	-0.001356
0.0	0.0	-1.0	59.0	99.0	-0.011497	0.000562
0.0	0.0	-1.0	60.0	100.0	-0.011497	0.000562
0.0	0.0	-1.0	59.0	101.0	-0.204564	0.004063
0.0	0.0	-1.0	60.0	102.0	-0.204564	0.004063
0.0	0.0	0.0	81.0	89.0	-0.074489	0.021421
0.0	0.0	0.0	82.0	90.0	-0.074489	0.021421
0.0	0.0	0.0	81.0	91.0	0.00985	-0.001278
0.0	0.0	0.0	82.0	92.0	0.00985	-0.001278
0.0	0.0	0.0	83.0	93.0	-0.2311	-0.020219
0.0	0.0	0.0	84.0	94.0	-0.2311	-0.020219
0.0	0.0	0.0	83.0	97.0	-0.297277	0.004281
0.0	0.0	0.0	84.0	98.0	-0.297277	0.004281
0.0	0.0	0.0	85.0	99.0	-0.305394	-0.001033
0.0	0.0	0.0	86.0	100.0	-0.305394	-0.001033
0.0	0.0	0.0	85.0	101.0	0.061928	0.00367
0.0	0.0	0.0	86.0	102.0	0.061928	0.00367
-1.0	0.0	0.0	81.0	193.0	0.23945	0.006448
-1.0	0.0	0.0	82.0	194.0	0.23945	0.006448
-1.0	0.0	0.0	81.0	195.0	0.407429	-0.000153
-1.0	0.0	0.0	82.0	196.0	0.407429	-0.000153
0.0	0.0	0.0	83.0	41.0	0.010919	-0.022545
0.0	0.0	0.0	84.0	42.0	0.010919	-0.022545
0.0	0.0	0.0	83.0	45.0	-0.070627	-0.004627
0.0	0.0	0.0	84.0	46.0	-0.070627	-0.004627
0.0	0.0	0.0	85.0	73.0	-0.06669	0.006221
0.0	0.0	0.0	86.0	74.0	-0.06669	0.006221
0.0	0.0	0.0	85.0	75.0	0.133909	0.010961
0.0	0.0	0.0	86.0	76.0	0.133909	0.010961
0.0	0.0	0.0	107.0	115.0	-0.23745	0.016292
0.0	0.0	0.0	108.0	116.0	-0.23745	0.016292
0.0	0.0	0.0	107.0	117.0	-0.021738	0.009996
0.0	0.0	0.0	108.0	118.0	-0.021738	0.009996
0.0	0.0	0.0	109.0	119.0	0.537257	-0.00396
0.0	0.0	0.0	110.0	120.0	0.537257	-0.00396
0.0	0.0	0.0	109.0	123.0	-0.108655	0.005208
0.0	0.0	0.0	110.0	124.0	-0.108655	0.005208
0.0	0.0	0.0	111.0	125.0	-0.005862	-0.001737
0.0	0.0	0.0	112.0	126.0	-0.005862	-0.001737
0.0	0.0	0.0	111.0	127.0	-0.014465	0.005447
0.0	0.0	0.0	112.0	128.0	-0.014465	0.005447
0.0	0.0	0.0	107.0	11.0	-0.248926	0.044186
0.0	0.0	0.0	108.0	12.0	-0.248926	0.044186
0.0	0.0	0.0	107.0	13.0	0.122029	0.005124
0.0	0.0	0.0	108.0	14.0	0.122029	0.005124
0.0	-1.0	0.0	109.0	171.0	0.114102	-0.000926
0.0	-1.0	0.0	110.0	172.0	0.114102	-0.000926
0.0	-1.0	0.0	109.0	175.0	0.02357	0.002998
0.0	-1.0	0.0	110.0	176.0	0.02357	0.002998
0.0	0.0	-1.0	111.0	151.0	-0.122212	0.007489
0.0	0.0	-1.0	112.0	152.0	-0.122212	0.007489
0.0	0.0	-1.0	111.0	153.0	0.217364	-0.005312
0.0	0.0	-1.0	112.0	154.0	0.217364	-0.005312
0.0	0.0	0.0	133.0	141.0	0.074441	0.036744
0.0	0.0	0.0	134.0	142.0	0.074441	0.036744
0.0	0.0	0.0	133.0	143.0	-0.018389	-0.002571
0.0	0.0	0.0	134.0	144.0	-0.018389	-0.002571
0.0	0.0	0.0	135.0	145.0	-0.028651	-0.029068
0.0	0.0	0.0	136.0	146.0	-0.028651	-0.029068
0.0	0.0	0.0	135.0	149.0	-0.188754	0.012465
0.0	0.0	0.0	136.0	150.0	-0.188754	0.012465
0.0	0.0	0.0	137.0	151.0	0.046434	0.011384
0.0	0.0	0.0	138.0	152.0	0.046434	0.011384
0.0	0.0	0.0	137.0	153.0	-0.113167	-0.003839
0.0	0.0	0.0	138.0	154.0	-0.113167	-0.003839
0.0	0.0	0.0	133.0	37.0	0.059597	0.010964
0.0	0.0	0.0	134.0	38.0	0.059597	0.010964
0.0	0.0	0.0	133.0	39.0	0.008775	0.001503
0.0	0.0	0.0	134.0	40.0	0.008775	0.001503
0.0	-1.0	0.0	135.0	197.0	-0.155302	-0.028556
0.0	-1.0	0.0	136.0	198.0	-0.155302	-0.028556
0.0	-1.0	0.0	135.0	201.0	0.021778	-0.007075
0.0	-1.0	0.0	136.0	202.0	0.021778	-0.007075
0.0	0.0	0.0	137.0	125.0	0.1402	0.006265
0.0	0.0	0.0	138.0	126.0	0.1402	0.006265
0.0	0.0	0.0	137.0	127.0	-0.12736	0.002103
0.0	0.0	0.0	138.0	128.0	-0.12736	0.002103
0.0	0.0	0.0	159.0	167.0	0.199961	0.009341
0.0	0.0	0.0	160.0	168.0	0.199961	0.009341
0.0	0.0	0.0	159.0	169.0	0.215337	-0.009295
0.0	0.0	0.0	160.0	170.0	0.215337	-0.009295
0.0	0.0	0.0	161.0	171.0	-0.386437	-0.004487
0.0	0.0	0.0	162.0	172.0	-0.386437	-0.004487
0.0	0.0	0.0	161.0	175.0	-0.086045	0.002912
0.0	0.0	0.0	162.0	176.0	-0.086045	0.002912
0.0	0.0	0.0	163.0	177.0	-0.192879	-0.005921
0.0	0.0	0.0	164.0	178.0	-0.192879	-0.005921
0.0	0.0	0.0	163.0	179.0	-0.160609	-0.011844
0.0	0.0	0.0	164.0	180.0	-0.160609	-0.011844
0.0	0.0	0.0	159.0	63.0	0.422813	0.005544
0.0	0.0	0.0	160.0	64.0	0.422813	0.005544
0.0	0.0	0.0	159.0	65.0	0.203514	-0.006215
0.0	0.0	0.0	160.0	66.0	0.203514	-0.006215
0.0	0.0	0.0	161.0	119.0	-0.167748	-0.001373
0.0	0.0	0.0	162.0	120.0	-0.167748	-0.001373
0.0	0.0	0.0	161.0	123.0	0.132508	0.001161
0.0	0.0	0.0	162.0	124.0	0.132508	0.001161
0.0	0.0	-1.0	163.0	203.0	-0.186967	0.000551
0.0	0.0	-1.0	164.0	204.0	-0.186967	0.000551
0.0	0.0	-1.0	163.0	205.0	-0.094595	-0.000719
0.0	0.0	-1.0	164.0	206.0	-0.094595	-0.000719
0.0	0.0	0.0	185.0	193.0	-0.320287	0.015655
0.0	0.0	0.0	186.0	194.0	-0.320287	0.015655
0.0	0.0	0.0	185.0	195.0	-0.215352	-0.006039
0.0	0.0	0.0	186.0	196.0	-0.215352	-0.006039
0.0	0.0	0.0	187.0	197.0	-0.015686	-0.026606
0.0	0.0	0.0	188.0	198.0	-0.015686	-0.026606
0.0	0.0	0.0	187.0	201.0	0.082418	-0.006044
0.0	0.0	0.0	188.0	202.0	0.082418	-0.006044
0.0	0.0	0.0	189.0	203.0	0.146118	0.000101
0.0	0.0	0.0	190.0	204.0	0.146118	0.000101
0.0	0.0	0.0	189.0	205.0	0.142998	-0.005722
0.0	0.0	0.0	190.0	206.0	0.142998	-0.005722
0.0	0.0	0.0	185.0	89.0	0.070249	0.008811
0.0	0.0	0.0	186.0	90.0	0.070249	0.008811
0.0	0.0	0.0	185.0	91.0	-0.268954	-0.000127
0.0	0.0	0.0	186.0	92.0	-0.268954	-0.000127
0.0	0.0	0.0	187.0	145.0	0.101451	-0.018747
0.0	0.0	0.0	188.0	146.0	0.101451	-0.018747
0.0	0.0	0.0	187.0	149.0	0.080383	0.006235
0.0	0.0	0.0	188.0	150.0	0.080383	0.006235
0.0	0.0	0.0	189.0	177.0	0.21169	-0.004732
0.0	0.0	0.0	190.0	178.0	0.21169	-0.004732
0.0	0.0	0.0	189.0	179.0	0.077318	-0.010911
0.0	0.0	0.0	190.0	180.0	0.077318	-0.010911
0.0	0.0	0.0	11.0	15.0	-0.124561	0.007124
0.0	0.0	0.0	12.0	16.0	-0.124561	0.007124
0.0	0.0	0.0	11.0	119.0	0.128331	0.005893
0.0	0.0	0.0	12.0	120.0	0.128331	0.005893
0.0	-1.0	0.0	11.0	67.0	0.203489	0.011035
0.0	-1.0	0.0	12.0	68.0	0.203489	0.011035
0.0	-1.0	0.0	11.0	171.0	-0.158545	0.00708
0.0	-1.0	0.0	12.0	172.0	-0.158545	0.00708
0.0	0.0	0.0	13.0	21.0	-0.135099	-0.001513
0.0	0.0	0.0	14.0	22.0	-0.135099	-0.001513
0.0	0.0	0.0	13.0	125.0	0.204953	-0.001219
0.0	0.0	0.0	14.0	126.0	0.204953	-0.001219
0.0	0.0	-1.0	13.0	47.0	0.204893	0.000715
0.0	0.0	-1.0	14.0	48.0	0.204893	0.000715
0.0	0.0	-1.0	13.0	151.0	-0.200983	0.000257
0.0	0.0	-1.0	14.0	152.0	-0.200983	0.000257
0.0	0.0	0.0	19.0	23.0	-0.157809	5.0e-6
0.0	0.0	0.0	20.0	24.0	-0.157809	5.0e-6
0.0	0.0	0.0	19.0	75.0	0.190418	-0.001682
0.0	0.0	0.0	20.0	76.0	0.190418	-0.001682
0.0	0.0	-1.0	19.0	49.0	0.109007	0.000859
0.0	0.0	-1.0	20.0	50.0	0.109007	0.000859
0.0	0.0	-1.0	19.0	101.0	-0.133464	0.000706
0.0	0.0	-1.0	20.0	102.0	-0.133464	0.000706
0.0	0.0	0.0	37.0	41.0	-0.165889	0.007398
0.0	0.0	0.0	38.0	42.0	-0.165889	0.007398
0.0	0.0	0.0	37.0	145.0	0.170677	0.008563
0.0	0.0	0.0	38.0	146.0	0.170677	0.008563
0.0	-1.0	0.0	37.0	93.0	0.153784	0.006611
0.0	-1.0	0.0	38.0	94.0	0.153784	0.006611
0.0	-1.0	0.0	37.0	197.0	-0.180151	0.007943
0.0	-1.0	0.0	38.0	198.0	-0.180151	0.007943
0.0	0.0	0.0	39.0	47.0	-0.154195	-0.000596
0.0	0.0	0.0	40.0	48.0	-0.154195	-0.000596
0.0	0.0	0.0	39.0	151.0	0.185515	0.000551
0.0	0.0	0.0	40.0	152.0	0.185515	0.000551
0.0	0.0	0.0	39.0	21.0	0.27887	-0.001034
0.0	0.0	0.0	40.0	22.0	0.27887	-0.001034
0.0	0.0	0.0	39.0	125.0	-0.197216	-0.00026
0.0	0.0	0.0	40.0	126.0	-0.197216	-0.00026
0.0	0.0	0.0	45.0	49.0	-0.166224	-0.001778
0.0	0.0	0.0	46.0	50.0	-0.166224	-0.001778
0.0	0.0	0.0	45.0	101.0	0.191569	0.000356
0.0	0.0	0.0	46.0	102.0	0.191569	0.000356
0.0	0.0	0.0	45.0	23.0	0.157652	-0.001565
0.0	0.0	0.0	46.0	24.0	0.157652	-0.001565
0.0	0.0	0.0	45.0	75.0	-0.143628	-0.000886
0.0	0.0	0.0	46.0	76.0	-0.143628	-0.000886
0.0	0.0	0.0	63.0	67.0	-0.121353	0.007101
0.0	0.0	0.0	64.0	68.0	-0.121353	0.007101
0.0	0.0	0.0	63.0	171.0	0.155704	0.005678
0.0	0.0	0.0	64.0	172.0	0.155704	0.005678
0.0	0.0	0.0	63.0	15.0	0.106866	0.004401
0.0	0.0	0.0	64.0	16.0	0.106866	0.004401
0.0	0.0	0.0	63.0	119.0	-0.169845	0.006537
0.0	0.0	0.0	64.0	120.0	-0.169845	0.006537
0.0	0.0	0.0	65.0	73.0	-0.129707	-0.000671
0.0	0.0	0.0	66.0	74.0	-0.129707	-0.000671
0.0	0.0	0.0	65.0	177.0	0.173061	-4.7e-5
0.0	0.0	0.0	66.0	178.0	0.173061	-4.7e-5
0.0	0.0	-1.0	65.0	99.0	0.152679	-0.000533
0.0	0.0	-1.0	66.0	100.0	0.152679	-0.000533
0.0	0.0	-1.0	65.0	203.0	-0.147804	-0.002073
0.0	0.0	-1.0	66.0	204.0	-0.147804	-0.002073
0.0	0.0	0.0	71.0	75.0	-0.152087	0.001537
0.0	0.0	0.0	72.0	76.0	-0.152087	0.001537
0.0	1.0	0.0	71.0	23.0	0.185296	0.000563
0.0	1.0	0.0	72.0	24.0	0.185296	0.000563
0.0	0.0	-1.0	71.0	101.0	0.125527	-0.002008
0.0	0.0	-1.0	72.0	102.0	0.125527	-0.002008
0.0	1.0	-1.0	71.0	49.0	-0.175564	-0.001894
0.0	1.0	-1.0	72.0	50.0	-0.175564	-0.001894
0.0	0.0	0.0	89.0	93.0	-0.138629	0.006146
0.0	0.0	0.0	90.0	94.0	-0.138629	0.006146
0.0	0.0	0.0	89.0	197.0	0.134795	0.006047
0.0	0.0	0.0	90.0	198.0	0.134795	0.006047
0.0	0.0	0.0	89.0	41.0	0.205135	0.009699
0.0	0.0	0.0	90.0	42.0	0.205135	0.009699
0.0	0.0	0.0	89.0	145.0	-0.179488	0.008295
0.0	0.0	0.0	90.0	146.0	-0.179488	0.008295
0.0	0.0	0.0	91.0	99.0	-0.15317	0.001104
0.0	0.0	0.0	92.0	100.0	-0.15317	0.001104
0.0	0.0	0.0	91.0	203.0	0.17249	0.000466
0.0	0.0	0.0	92.0	204.0	0.17249	0.000466
0.0	0.0	0.0	91.0	73.0	0.167446	-0.000512
0.0	0.0	0.0	92.0	74.0	0.167446	-0.000512
0.0	0.0	0.0	91.0	177.0	-0.131054	9.1e-5
0.0	0.0	0.0	92.0	178.0	-0.131054	9.1e-5
0.0	0.0	0.0	97.0	101.0	-0.170866	-0.000732
0.0	0.0	0.0	98.0	102.0	-0.170866	-0.000732
0.0	1.0	0.0	97.0	49.0	0.147198	0.000135
0.0	1.0	0.0	98.0	50.0	0.147198	0.000135
0.0	0.0	0.0	97.0	75.0	0.160949	-0.00047
0.0	0.0	0.0	98.0	76.0	0.160949	-0.00047
0.0	1.0	0.0	97.0	23.0	-0.175759	0.000381
0.0	1.0	0.0	98.0	24.0	-0.175759	0.000381
0.0	0.0	0.0	115.0	119.0	-0.2234	0.010579
0.0	0.0	0.0	116.0	120.0	-0.2234	0.010579
1.0	0.0	0.0	115.0	15.0	0.161768	0.007827
1.0	0.0	0.0	116.0	16.0	0.161768	0.007827
0.0	-1.0	0.0	115.0	171.0	0.147407	0.006323
0.0	-1.0	0.0	116.0	172.0	0.147407	0.006323
1.0	-1.0	0.0	115.0	67.0	-0.096662	0.003672
1.0	-1.0	0.0	116.0	68.0	-0.096662	0.003672
0.0	0.0	0.0	117.0	125.0	-0.184917	0.001206
0.0	0.0	0.0	118.0	126.0	-0.184917	0.001206
1.0	0.0	0.0	117.0	21.0	0.080341	0.001317
1.0	0.0	0.0	118.0	22.0	0.080341	0.001317
0.0	0.0	-1.0	117.0	151.0	0.181351	-0.000496
0.0	0.0	-1.0	118.0	152.0	0.181351	-0.000496
1.0	0.0	-1.0	117.0	47.0	-0.166901	-0.00076
1.0	0.0	-1.0	118.0	48.0	-0.166901	-0.00076
0.0	0.0	0.0	123.0	127.0	-0.167716	0.001469
0.0	0.0	0.0	124.0	128.0	-0.167716	0.001469
0.0	0.0	0.0	123.0	179.0	0.140172	0.002801
0.0	0.0	0.0	124.0	180.0	0.140172	0.002801
0.0	0.0	-1.0	123.0	153.0	0.150701	0.00017
0.0	0.0	-1.0	124.0	154.0	0.150701	0.00017
0.0	0.0	-1.0	123.0	205.0	-0.141301	-3.5e-5
0.0	0.0	-1.0	124.0	206.0	-0.141301	-3.5e-5
0.0	0.0	0.0	141.0	145.0	-0.188996	0.009617
0.0	0.0	0.0	142.0	146.0	-0.188996	0.009617
1.0	0.0	0.0	141.0	41.0	0.14984	0.006751
1.0	0.0	0.0	142.0	42.0	0.14984	0.006751
0.0	-1.0	0.0	141.0	197.0	0.20773	0.009553
0.0	-1.0	0.0	142.0	198.0	0.20773	0.009553
1.0	-1.0	0.0	141.0	93.0	-0.174017	0.007942
1.0	-1.0	0.0	142.0	94.0	-0.174017	0.007942
0.0	0.0	0.0	143.0	151.0	-0.166939	-0.000981
0.0	0.0	0.0	144.0	152.0	-0.166939	-0.000981
1.0	0.0	0.0	143.0	47.0	0.157637	-0.000621
1.0	0.0	0.0	144.0	48.0	0.157637	-0.000621
0.0	0.0	0.0	143.0	125.0	0.135777	-0.000424
0.0	0.0	0.0	144.0	126.0	0.135777	-0.000424
1.0	0.0	0.0	143.0	21.0	-0.190123	-0.000526
1.0	0.0	0.0	144.0	22.0	-0.190123	-0.000526
0.0	0.0	0.0	149.0	153.0	-0.104727	0.000502
0.0	0.0	0.0	150.0	154.0	-0.104727	0.000502
0.0	0.0	0.0	149.0	205.0	0.084452	-0.000268
0.0	0.0	0.0	150.0	206.0	0.084452	-0.000268
0.0	0.0	0.0	149.0	127.0	0.253078	-0.000311
0.0	0.0	0.0	150.0	128.0	0.253078	-0.000311
0.0	0.0	0.0	149.0	179.0	-0.20865	0.00039
0.0	0.0	0.0	150.0	180.0	-0.20865	0.00039
0.0	0.0	0.0	167.0	171.0	-0.12186	0.005329
0.0	0.0	0.0	168.0	172.0	-0.12186	0.005329
1.0	0.0	0.0	167.0	67.0	0.158651	0.008706
1.0	0.0	0.0	168.0	68.0	0.158651	0.008706
0.0	0.0	0.0	167.0	119.0	0.11185	0.005579
0.0	0.0	0.0	168.0	120.0	0.11185	0.005579
1.0	0.0	0.0	167.0	15.0	-0.138915	0.005615
1.0	0.0	0.0	168.0	16.0	-0.138915	0.005615
0.0	0.0	0.0	169.0	177.0	-0.197095	-0.000953
0.0	0.0	0.0	170.0	178.0	-0.197095	-0.000953
1.0	0.0	0.0	169.0	73.0	0.195126	-0.000758
1.0	0.0	0.0	170.0	74.0	0.195126	-0.000758
0.0	0.0	-1.0	169.0	203.0	0.129514	-0.00042
0.0	0.0	-1.0	170.0	204.0	0.129514	-0.00042
1.0	0.0	-1.0	169.0	99.0	-0.174794	0.000919
1.0	0.0	-1.0	170.0	100.0	-0.174794	0.000919
0.0	0.0	0.0	175.0	179.0	-0.167635	0.000964
0.0	0.0	0.0	176.0	180.0	-0.167635	0.000964
0.0	1.0	0.0	175.0	127.0	0.160064	-0.000656
0.0	1.0	0.0	176.0	128.0	0.160064	-0.000656
0.0	0.0	-1.0	175.0	205.0	0.202028	0.002792
0.0	0.0	-1.0	176.0	206.0	0.202028	0.002792
0.0	1.0	-1.0	175.0	153.0	-0.188795	0.001765
0.0	1.0	-1.0	176.0	154.0	-0.188795	0.001765
0.0	0.0	0.0	193.0	197.0	-0.104944	0.004692
0.0	0.0	0.0	194.0	198.0	-0.104944	0.004692
1.0	0.0	0.0	193.0	93.0	0.140124	0.006465
1.0	0.0	0.0	194.0	94.0	0.140124	0.006465
0.0	0.0	0.0	193.0	145.0	0.196702	0.007934
0.0	0.0	0.0	194.0	146.0	0.196702	0.007934
1.0	0.0	0.0	193.0	41.0	-0.19478	0.008416
1.0	0.0	0.0	194.0	42.0	-0.19478	0.008416
0.0	0.0	0.0	195.0	203.0	-0.144087	0.000252
0.0	0.0	0.0	196.0	204.0	-0.144087	0.000252
1.0	0.0	0.0	195.0	99.0	0.107499	0.000331
1.0	0.0	0.0	196.0	100.0	0.107499	0.000331
0.0	0.0	0.0	195.0	177.0	0.211047	-0.001092
0.0	0.0	0.0	196.0	178.0	0.211047	-0.001092
1.0	0.0	0.0	195.0	73.0	-0.211912	-0.001082
1.0	0.0	0.0	196.0	74.0	-0.211912	-0.001082
0.0	0.0	0.0	201.0	205.0	-0.221865	-0.001095
0.0	0.0	0.0	202.0	206.0	-0.221865	-0.001095
0.0	1.0	0.0	201.0	153.0	0.22274	0.000785
0.0	1.0	0.0	202.0	154.0	0.22274	0.000785
0.0	0.0	0.0	201.0	179.0	0.141537	-0.001404
0.0	0.0	0.0	202.0	180.0	0.141537	-0.001404
0.0	1.0	0.0	201.0	127.0	-0.142402	-0.001667
0.0	1.0	0.0	202.0	128.0	-0.142402	-0.001667
0.0	0.0	0.0	113.0	9.0	0.130534	0.001801
0.0	0.0	0.0	114.0	10.0	0.130534	0.001801
0.0	0.0	0.0	69.0	17.0	0.160634	-0.00301
0.0	0.0	0.0	70.0	18.0	0.160634	-0.00301
0.0	0.0	0.0	51.0	25.0	0.136448	0.001276
0.0	0.0	0.0	52.0	26.0	0.136448	0.001276
0.0	0.0	0.0	139.0	35.0	0.086756	0.001186
0.0	0.0	0.0	140.0	36.0	0.086756	0.001186
0.0	0.0	0.0	95.0	43.0	0.136318	0.000851
0.0	0.0	0.0	96.0	44.0	0.136318	0.000851
0.0	0.0	0.0	51.0	25.0	0.136448	0.001276
0.0	0.0	0.0	52.0	26.0	0.136448	0.001276
0.0	0.0	0.0	165.0	61.0	0.152853	-0.000258
0.0	0.0	0.0	166.0	62.0	0.152853	-0.000258
0.0	0.0	0.0	69.0	17.0	0.160634	-0.00301
0.0	0.0	0.0	70.0	18.0	0.160634	-0.00301
0.0	0.0	0.0	103.0	77.0	0.11433	-0.001857
0.0	0.0	0.0	104.0	78.0	0.11433	-0.001857
0.0	0.0	0.0	191.0	87.0	0.12284	-0.004857
0.0	0.0	0.0	192.0	88.0	0.12284	-0.004857
0.0	0.0	0.0	95.0	43.0	0.136318	0.000851
0.0	0.0	0.0	96.0	44.0	0.136318	0.000851
0.0	0.0	0.0	103.0	77.0	0.11433	-0.001857
0.0	0.0	0.0	104.0	78.0	0.11433	-0.001857
0.0	0.0	0.0	113.0	9.0	0.130534	0.001801
0.0	0.0	0.0	114.0	10.0	0.130534	0.001801
0.0	0.0	0.0	173.0	121.0	0.159106	-0.00545
0.0	0.0	0.0	174.0	122.0	0.159106	-0.00545
0.0	0.0	0.0	155.0	129.0	0.106282	-0.000716
0.0	0.0	0.0	156.0	130.0	0.106282	-0.000716
0.0	0.0	0.0	139.0	35.0	0.086756	0.001186
0.0	0.0	0.0	140.0	36.0	0.086756	0.001186
0.0	0.0	0.0	199.0	147.0	0.102609	0.000642
0.0	0.0	0.0	200.0	148.0	0.102609	0.000642
0.0	0.0	0.0	155.0	129.0	0.106282	-0.000716
0.0	0.0	0.0	156.0	130.0	0.106282	-0.000716
0.0	0.0	0.0	165.0	61.0	0.152853	-0.000258
0.0	0.0	0.0	166.0	62.0	0.152853	-0.000258
0.0	0.0	0.0	173.0	121.0	0.159106	-0.00545
0.0	0.0	0.0	174.0	122.0	0.159106	-0.00545
0.0	0.0	0.0	207.0	181.0	0.118749	-0.002226
0.0	0.0	0.0	208.0	182.0	0.118749	-0.002226
0.0	0.0	0.0	191.0	87.0	0.12284	-0.004857
0.0	0.0	0.0	192.0	88.0	0.12284	-0.004857
0.0	0.0	0.0	199.0	147.0	0.102609	0.000642
0.0	0.0	0.0	200.0	148.0	0.102609	0.000642
0.0	0.0	0.0	207.0	181.0	0.118749	-0.002226
0.0	0.0	0.0	208.0	182.0	0.118749	-0.002226
1.0	0.0	0.0	107.0	3.0	-0.032447	-0.000956
1.0	0.0	0.0	108.0	4.0	-0.032447	-0.000956
0.0	1.0	0.0	57.0	5.0	0.10984	-0.003811
0.0	1.0	0.0	58.0	6.0	0.10984	-0.003811
0.0	0.0	1.0	33.0	7.0	0.019811	0.006039
0.0	0.0	1.0	34.0	8.0	0.019811	0.006039
1.0	0.0	0.0	133.0	29.0	-0.067692	0.004823
1.0	0.0	0.0	134.0	30.0	-0.067692	0.004823
0.0	1.0	0.0	83.0	31.0	0.031769	0.010329
0.0	1.0	0.0	84.0	32.0	0.031769	0.010329
0.0	0.0	1.0	33.0	7.0	0.019811	0.006039
0.0	0.0	1.0	34.0	8.0	0.019811	0.006039
1.0	0.0	0.0	159.0	55.0	0.045492	0.000701
1.0	0.0	0.0	160.0	56.0	0.045492	0.000701
0.0	1.0	0.0	57.0	5.0	0.10984	-0.003811
0.0	1.0	0.0	58.0	6.0	0.10984	-0.003811
0.0	0.0	1.0	85.0	59.0	0.049301	-0.001797
0.0	0.0	1.0	86.0	60.0	0.049301	-0.001797
1.0	0.0	0.0	185.0	81.0	0.041938	-0.01303
1.0	0.0	0.0	186.0	82.0	0.041938	-0.01303
0.0	1.0	0.0	83.0	31.0	0.031769	0.010329
0.0	1.0	0.0	84.0	32.0	0.031769	0.010329
0.0	0.0	1.0	85.0	59.0	0.049301	-0.001797
0.0	0.0	1.0	86.0	60.0	0.049301	-0.001797
1.0	0.0	0.0	107.0	3.0	-0.032447	-0.000956
1.0	0.0	0.0	108.0	4.0	-0.032447	-0.000956
0.0	1.0	0.0	161.0	109.0	0.135845	-0.000128
0.0	1.0	0.0	162.0	110.0	0.135845	-0.000128
0.0	0.0	1.0	137.0	111.0	-0.021502	-0.004517
0.0	0.0	1.0	138.0	112.0	-0.021502	-0.004517
1.0	0.0	0.0	133.0	29.0	-0.067692	0.004823
1.0	0.0	0.0	134.0	30.0	-0.067692	0.004823
0.0	1.0	0.0	187.0	135.0	-0.044652	-0.002153
0.0	1.0	0.0	188.0	136.0	-0.044652	-0.002153
0.0	0.0	1.0	137.0	111.0	-0.021502	-0.004517
0.0	0.0	1.0	138.0	112.0	-0.021502	-0.004517
1.0	0.0	0.0	159.0	55.0	0.045492	0.000701
1.0	0.0	0.0	160.0	56.0	0.045492	0.000701
0.0	1.0	0.0	161.0	109.0	0.135845	-0.000128
0.0	1.0	0.0	162.0	110.0	0.135845	-0.000128
0.0	0.0	1.0	189.0	163.0	-0.032	-0.006423
0.0	0.0	1.0	190.0	164.0	-0.032	-0.006423
1.0	0.0	0.0	185.0	81.0	0.041938	-0.01303
1.0	0.0	0.0	186.0	82.0	0.041938	-0.01303
0.0	1.0	0.0	187.0	135.0	-0.044652	-0.002153
0.0	1.0	0.0	188.0	136.0	-0.044652	-0.002153
0.0	0.0	1.0	189.0	163.0	-0.032	-0.006423
0.0	0.0	1.0	190.0	164.0	-0.032	-0.006423
0.0	0.0	0.0	3.0	5.0	0.0	0.56
0.0	0.0	0.0	4.0	6.0	0.0	-0.56
0.0	0.0	0.0	4.0	7.0	0.56	0.0
0.0	0.0	0.0	3.0	8.0	-0.56	0.0
0.0	0.0	0.0	5.0	8.0	0.0	-0.56
0.0	0.0	0.0	6.0	7.0	0.0	-0.56
0.0	0.0	0.0	9.0	11.0	0.0	0.31
0.0	0.0	0.0	10.0	12.0	0.0	-0.31
0.0	0.0	0.0	10.0	13.0	0.31	0.0
0.0	0.0	0.0	9.0	14.0	-0.31	0.0
0.0	0.0	0.0	11.0	14.0	0.0	-0.31
0.0	0.0	0.0	12.0	13.0	0.0	-0.31
0.0	0.0	0.0	15.0	17.0	0.0	0.31
0.0	0.0	0.0	16.0	18.0	0.0	-0.31
0.0	0.0	0.0	16.0	19.0	0.31	0.0
0.0	0.0	0.0	15.0	20.0	-0.31	0.0
0.0	0.0	0.0	17.0	20.0	0.0	-0.31
0.0	0.0	0.0	18.0	19.0	0.0	-0.31
0.0	0.0	0.0	21.0	23.0	0.0	0.31
0.0	0.0	0.0	22.0	24.0	0.0	-0.31
0.0	0.0	0.0	22.0	25.0	0.31	0.0
0.0	0.0	0.0	21.0	26.0	-0.31	0.0
0.0	0.0	0.0	23.0	26.0	0.0	-0.31
0.0	0.0	0.0	24.0	25.0	0.0	-0.31
0.0	0.0	0.0	29.0	31.0	0.0	0.56
0.0	0.0	0.0	30.0	32.0	0.0	-0.56
0.0	0.0	0.0	30.0	33.0	0.56	0.0
0.0	0.0	0.0	29.0	34.0	-0.56	0.0
0.0	0.0	0.0	31.0	34.0	0.0	-0.56
0.0	0.0	0.0	32.0	33.0	0.0	-0.56
0.0	0.0	0.0	35.0	37.0	0.0	0.31
0.0	0.0	0.0	36.0	38.0	0.0	-0.31
0.0	0.0	0.0	36.0	39.0	0.31	0.0
0.0	0.0	0.0	35.0	40.0	-0.31	0.0
0.0	0.0	0.0	37.0	40.0	0.0	-0.31
0.0	0.0	0.0	38.0	39.0	0.0	-0.31
0.0	0.0	0.0	41.0	43.0	0.0	0.31
0.0	0.0	0.0	42.0	44.0	0.0	-0.31
0.0	0.0	0.0	42.0	45.0	0.31	0.0
0.0	0.0	0.0	41.0	46.0	-0.31	0.0
0.0	0.0	0.0	43.0	46.0	0.0	-0.31
0.0	0.0	0.0	44.0	45.0	0.0	-0.31
0.0	0.0	0.0	47.0	49.0	0.0	0.31
0.0	0.0	0.0	48.0	50.0	0.0	-0.31
0.0	0.0	0.0	48.0	51.0	0.31	0.0
0.0	0.0	0.0	47.0	52.0	-0.31	0.0
0.0	0.0	0.0	49.0	52.0	0.0	-0.31
0.0	0.0	0.0	50.0	51.0	0.0	-0.31
0.0	0.0	0.0	55.0	57.0	0.0	0.56
0.0	0.0	0.0	56.0	58.0	0.0	-0.56
0.0	0.0	0.0	56.0	59.0	0.56	0.0
0.0	0.0	0.0	55.0	60.0	-0.56	0.0
0.0	0.0	0.0	57.0	60.0	0.0	-0.56
0.0	0.0	0.0	58.0	59.0	0.0	-0.56
0.0	0.0	0.0	61.0	63.0	0.0	0.31
0.0	0.0	0.0	62.0	64.0	0.0	-0.31
0.0	0.0	0.0	62.0	65.0	0.31	0.0
0.0	0.0	0.0	61.0	66.0	-0.31	0.0
0.0	0.0	0.0	63.0	66.0	0.0	-0.31
0.0	0.0	0.0	64.0	65.0	0.0	-0.31
0.0	0.0	0.0	67.0	69.0	0.0	0.31
0.0	0.0	0.0	68.0	70.0	0.0	-0.31
0.0	0.0	0.0	68.0	71.0	0.31	0.0
0.0	0.0	0.0	67.0	72.0	-0.31	0.0
0.0	0.0	0.0	69.0	72.0	0.0	-0.31
0.0	0.0	0.0	70.0	71.0	0.0	-0.31
0.0	0.0	0.0	73.0	75.0	0.0	0.31
0.0	0.0	0.0	74.0	76.0	0.0	-0.31
0.0	0.0	0.0	74.0	77.0	0.31	0.0
0.0	0.0	0.0	73.0	78.0	-0.31	0.0
0.0	0.0	0.0	75.0	78.0	0.0	-0.31
0.0	0.0	0.0	76.0	77.0	0.0	-0.31
0.0	0.0	0.0	81.0	83.0	0.0	0.56
0.0	0.0	0.0	82.0	84.0	0.0	-0.56
0.0	0.0	0.0	82.0	85.0	0.56	0.0
0.0	0.0	0.0	81.0	86.0	-0.56	0.0
0.0	0.0	0.0	83.0	86.0	0.0	-0.56
0.0	0.0	0.0	84.0	85.0	0.0	-0.56
0.0	0.0	0.0	87.0	89.0	0.0	0.31
0.0	0.0	0.0	88.0	90.0	0.0	-0.31
0.0	0.0	0.0	88.0	91.0	0.31	0.0
0.0	0.0	0.0	87.0	92.0	-0.31	0.0
0.0	0.0	0.0	89.0	92.0	0.0	-0.31
0.0	0.0	0.0	90.0	91.0	0.0	-0.31
0.0	0.0	0.0	93.0	95.0	0.0	0.31
0.0	0.0	0.0	94.0	96.0	0.0	-0.31
0.0	0.0	0.0	94.0	97.0	0.31	0.0
0.0	0.0	0.0	93.0	98.0	-0.31	0.0
0.0	0.0	0.0	95.0	98.0	0.0	-0.31
0.0	0.0	0.0	96.0	97.0	0.0	-0.31
0.0	0.0	0.0	99.0	101.0	0.0	0.31
0.0	0.0	0.0	100.0	102.0	0.0	-0.31
0.0	0.0	0.0	100.0	103.0	0.31	0.0
0.0	0.0	0.0	99.0	104.0	-0.31	0.0
0.0	0.0	0.0	101.0	104.0	0.0	-0.31
0.0	0.0	0.0	102.0	103.0	0.0	-0.31
0.0	0.0	0.0	107.0	109.0	0.0	0.56
0.0	0.0	0.0	108.0	110.0	0.0	-0.56
0.0	0.0	0.0	108.0	111.0	0.56	0.0
0.0	0.0	0.0	107.0	112.0	-0.56	0.0
0.0	0.0	0.0	109.0	112.0	0.0	-0.56
0.0	0.0	0.0	110.0	111.0	0.0	-0.56
0.0	0.0	0.0	113.0	115.0	0.0	0.31
0.0	0.0	0.0	114.0	116.0	0.0	-0.31
0.0	0.0	0.0	114.0	117.0	0.31	0.0
0.0	0.0	0.0	113.0	118.0	-0.31	0.0
0.0	0.0	0.0	115.0	118.0	0.0	-0.31
0.0	0.0	0.0	116.0	117.0	0.0	-0.31
0.0	0.0	0.0	119.0	121.0	0.0	0.31
0.0	0.0	0.0	120.0	122.0	0.0	-0.31
0.0	0.0	0.0	120.0	123.0	0.31	0.0
0.0	0.0	0.0	119.0	124.0	-0.31	0.0
0.0	0.0	0.0	121.0	124.0	0.0	-0.31
0.0	0.0	0.0	122.0	123.0	0.0	-0.31
0.0	0.0	0.0	125.0	127.0	0.0	0.31
0.0	0.0	0.0	126.0	128.0	0.0	-0.31
0.0	0.0	0.0	126.0	129.0	0.31	0.0
0.0	0.0	0.0	125.0	130.0	-0.31	0.0
0.0	0.0	0.0	127.0	130.0	0.0	-0.31
0.0	0.0	0.0	128.0	129.0	0.0	-0.31
0.0	0.0	0.0	133.0	135.0	0.0	0.56
0.0	0.0	0.0	134.0	136.0	0.0	-0.56
0.0	0.0	0.0	134.0	137.0	0.56	0.0
0.0	0.0	0.0	133.0	138.0	-0.56	0.0
0.0	0.0	0.0	135.0	138.0	0.0	-0.56
0.0	0.0	0.0	136.0	137.0	0.0	-0.56
0.0	0.0	0.0	139.0	141.0	0.0	0.31
0.0	0.0	0.0	140.0	142.0	0.0	-0.31
0.0	0.0	0.0	140.0	143.0	0.31	0.0
0.0	0.0	0.0	139.0	144.0	-0.31	0.0
0.0	0.0	0.0	141.0	144.0	0.0	-0.31
0.0	0.0	0.0	142.0	143.0	0.0	-0.31
0.0	0.0	0.0	145.0	147.0	0.0	0.31
0.0	0.0	0.0	146.0	148.0	0.0	-0.31
0.0	0.0	0.0	146.0	149.0	0.31	0.0
0.0	0.0	0.0	145.0	150.0	-0.31	0.0
0.0	0.0	0.0	147.0	150.0	0.0	-0.31
0.0	0.0	0.0	148.0	149.0	0.0	-0.31
0.0	0.0	0.0	151.0	153.0	0.0	0.31
0.0	0.0	0.0	152.0	154.0	0.0	-0.31
0.0	0.0	0.0	152.0	155.0	0.31	0.0
0.0	0.0	0.0	151.0	156.0	-0.31	0.0
0.0	0.0	0.0	153.0	156.0	0.0	-0.31
0.0	0.0	0.0	154.0	155.0	0.0	-0.31
0.0	0.0	0.0	159.0	161.0	0.0	0.56
0.0	0.0	0.0	160.0	162.0	0.0	-0.56
0.0	0.0	0.0	160.0	163.0	0.56	0.0
0.0	0.0	0.0	159.0	164.0	-0.56	0.0
0.0	0.0	0.0	161.0	164.0	0.0	-0.56
0.0	0.0	0.0	162.0	163.0	0.0	-0.56
0.0	0.0	0.0	165.0	167.0	0.0	0.31
0.0	0.0	0.0	166.0	168.0	0.0	-0.31
0.0	0.0	0.0	166.0	169.0	0.31	0.0
0.0	0.0	0.0	165.0	170.0	-0.31	0.0
0.0	0.0	0.0	167.0	170.0	0.0	-0.31
0.0	0.0	0.0	168.0	169.0	0.0	-0.31
0.0	0.0	0.0	171.0	173.0	0.0	0.31
0.0	0.0	0.0	172.0	174.0	0.0	-0.31
0.0	0.0	0.0	172.0	175.0	0.31	0.0
0.0	0.0	0.0	171.0	176.0	-0.31	0.0
0.0	0.0	0.0	173.0	176.0	0.0	-0.31
0.0	0.0	0.0	174.0	175.0	0.0	-0.31
0.0	0.0	0.0	177.0	179.0	0.0	0.31
0.0	0.0	0.0	178.0	180.0	0.0	-0.31
0.0	0.0	0.0	178.0	181.0	0.31	0.0
0.0	0.0	0.0	177.0	182.0	-0.31	0.0
0.0	0.0	0.0	179.0	182.0	0.0	-0.31
0.0	0.0	0.0	180.0	181.0	0.0	-0.31
0.0	0.0	0.0	185.0	187.0	0.0	0.56
0.0	0.0	0.0	186.0	188.0	0.0	-0.56
0.0	0.0	0.0	186.0	189.0	0.56	0.0
0.0	0.0	0.0	185.0	190.0	-0.56	0.0
0.0	0.0	0.0	187.0	190.0	0.0	-0.56
0.0	0.0	0.0	188.0	189.0	0.0	-0.56
0.0	0.0	0.0	191.0	193.0	0.0	0.31
0.0	0.0	0.0	192.0	194.0	0.0	-0.31
0.0	0.0	0.0	192.0	195.0	0.31	0.0
0.0	0.0	0.0	191.0	196.0	-0.31	0.0
0.0	0.0	0.0	193.0	196.0	0.0	-0.31
0.0	0.0	0.0	194.0	195.0	0.0	-0.31
0.0	0.0	0.0	197.0	199.0	0.0	0.31
0.0	0.0	0.0	198.0	200.0	0.0	-0.31
0.0	0.0	0.0	198.0	201.0	0.31	0.0
0.0	0.0	0.0	197.0	202.0	-0.31	0.0
0.0	0.0	0.0	199.0	202.0	0.0	-0.31
0.0	0.0	0.0	200.0	201.0	0.0	-0.31
0.0	0.0	0.0	203.0	205.0	0.0	0.31
0.0	0.0	0.0	204.0	206.0	0.0	-0.31
0.0	0.0	0.0	204.0	207.0	0.31	0.0
0.0	0.0	0.0	203.0	208.0	-0.31	0.0
0.0	0.0	0.0	205.0	208.0	0.0	-0.31
0.0	0.0	0.0	206.0	207.0	0.0	-0.31
