1 Cs 1 1 1
2 Cs 2 1 1
3 Cs 3 1 1
4 Cs 4 1 1
5 Cs 1 2 1
6 Cs 2 2 1
7 Cs 3 2 1
8 Cs 4 2 1
9 Cs 1 3 1
10 Cs 2 3 1
11 Cs 3 3 1
12 Cs 4 3 1
13 Cs 1 4 1
14 Cs 2 4 1
15 Cs 3 4 1
16 Cs 4 4 1
17 Cs 1 1 2
18 Cs 2 1 2
19 Cs 3 1 2
20 Cs 4 1 2
21 Cs 1 2 2
22 Cs 2 2 2
23 Cs 3 2 2
24 Cs 4 2 2
25 Cs 1 3 2
26 Cs 2 3 2
27 Cs 3 3 2
28 Cs 4 3 2
29 Cs 1 4 2
30 Cs 2 4 2
31 Cs 3 4 2
32 Cs 4 4 2
33 Cs 1 1 3
34 Cs 2 1 3
35 Cs 3 1 3
36 Cs 4 1 3
37 Cs 1 2 3
38 Cs 2 2 3
39 Cs 3 2 3
40 Cs 4 2 3
41 Cs 1 3 3
42 Cs 2 3 3
43 Cs 3 3 3
44 Cs 4 3 3
45 Cs 1 4 3
46 Cs 2 4 3
47 Cs 3 4 3
48 Cs 4 4 3
49 Cs 1 1 4
50 Cs 2 1 4
51 Cs 3 1 4
52 Cs 4 1 4
53 Cs 1 2 4
54 Cs 2 2 4
55 Cs 3 2 4
56 Cs 4 2 4
57 Cs 1 3 4
58 Cs 2 3 4
59 Cs 3 3 4
60 Cs 4 3 4
61 Cs 1 4 4
62 Cs 2 4 4
63 Cs 3 4 4
64 Cs 4 4 4
65 Pb 1 1 1
66 Pb 2 1 1
67 Pb 3 1 1
68 Pb 4 1 1
69 Pb 1 2 1
70 Pb 2 2 1
71 Pb 3 2 1
72 Pb 4 2 1
73 Pb 1 3 1
74 Pb 2 3 1
75 Pb 3 3 1
76 Pb 4 3 1
77 Pb 1 4 1
78 Pb 2 4 1
79 Pb 3 4 1
80 Pb 4 4 1
81 Pb 1 1 2
82 Pb 2 1 2
83 Pb 3 1 2
84 Pb 4 1 2
85 Pb 1 2 2
86 Pb 2 2 2
87 Pb 3 2 2
88 Pb 4 2 2
89 Pb 1 3 2
90 Pb 2 3 2
91 Pb 3 3 2
92 Pb 4 3 2
93 Pb 1 4 2
94 Pb 2 4 2
95 Pb 3 4 2
96 Pb 4 4 2
97 Pb 1 1 3
98 Pb 2 1 3
99 Pb 3 1 3
100 Pb 4 1 3
101 Pb 1 2 3
102 Pb 2 2 3
103 Pb 3 2 3
104 Pb 4 2 3
105 Pb 1 3 3
106 Pb 2 3 3
107 Pb 3 3 3
108 Pb 4 3 3
109 Pb 1 4 3
110 Pb 2 4 3
111 Pb 3 4 3
112 Pb 4 4 3
113 Pb 1 1 4
114 Pb 2 1 4
115 Pb 3 1 4
116 Pb 4 1 4
117 Pb 1 2 4
118 Pb 2 2 4
119 Pb 3 2 4
120 Pb 4 2 4
121 Pb 1 3 4
122 Pb 2 3 4
123 Pb 3 3 4
124 Pb 4 3 4
125 Pb 1 4 4
126 Pb 2 4 4
127 Pb 3 4 4
128 Pb 4 4 4
129 Br1 1 1 1
130 Br1 2 1 1
131 Br1 3 1 1
132 Br1 4 1 1
133 Br1 1 2 1
134 Br1 2 2 1
135 Br1 3 2 1
136 Br1 4 2 1
137 Br1 1 3 1
138 Br1 2 3 1
139 Br1 3 3 1
140 Br1 4 3 1
141 Br1 1 4 1
142 Br1 2 4 1
143 Br1 3 4 1
144 Br1 4 4 1
145 Br1 1 1 2
146 Br1 2 1 2
147 Br1 3 1 2
148 Br1 4 1 2
149 Br1 1 2 2
150 Br1 2 2 2
151 Br1 3 2 2
152 Br1 4 2 2
153 Br1 1 3 2
154 Br1 2 3 2
155 Br1 3 3 2
156 Br1 4 3 2
157 Br1 1 4 2
158 Br1 2 4 2
159 Br1 3 4 2
160 Br1 4 4 2
161 Br1 1 1 3
162 Br1 2 1 3
163 Br1 3 1 3
164 Br1 4 1 3
165 Br1 1 2 3
166 Br1 2 2 3
167 Br1 3 2 3
168 Br1 4 2 3
169 Br1 1 3 3
170 Br1 2 3 3
171 Br1 3 3 3
172 Br1 4 3 3
173 Br1 1 4 3
174 Br1 2 4 3
175 Br1 3 4 3
176 Br1 4 4 3
177 Br1 1 1 4
178 Br1 2 1 4
179 Br1 3 1 4
180 Br1 4 1 4
181 Br1 1 2 4
182 Br1 2 2 4
183 Br1 3 2 4
184 Br1 4 2 4
185 Br1 1 3 4
186 Br1 2 3 4
187 Br1 3 3 4
188 Br1 4 3 4
189 Br1 1 4 4
190 Br1 2 4 4
191 Br1 3 4 4
192 Br1 4 4 4
193 Br2 1 1 1
194 Br2 2 1 1
195 Br2 3 1 1
196 Br2 4 1 1
197 Br2 1 2 1
198 Br2 2 2 1
199 Br2 3 2 1
200 Br2 4 2 1
201 Br2 1 3 1
202 Br2 2 3 1
203 Br2 3 3 1
204 Br2 4 3 1
205 Br2 1 4 1
206 Br2 2 4 1
207 Br2 3 4 1
208 Br2 4 4 1
209 Br2 1 1 2
210 Br2 2 1 2
211 Br2 3 1 2
212 Br2 4 1 2
213 Br2 1 2 2
214 Br2 2 2 2
215 Br2 3 2 2
216 Br2 4 2 2
217 Br2 1 3 2
218 Br2 2 3 2
219 Br2 3 3 2
220 Br2 4 3 2
221 Br2 1 4 2
222 Br2 2 4 2
223 Br2 3 4 2
224 Br2 4 4 2
225 Br2 1 1 3
226 Br2 2 1 3
227 Br2 3 1 3
228 Br2 4 1 3
229 Br2 1 2 3
230 Br2 2 2 3
231 Br2 3 2 3
232 Br2 4 2 3
233 Br2 1 3 3
234 Br2 2 3 3
235 Br2 3 3 3
236 Br2 4 3 3
237 Br2 1 4 3
238 Br2 2 4 3
239 Br2 3 4 3
240 Br2 4 4 3
241 Br2 1 1 4
242 Br2 2 1 4
243 Br2 3 1 4
244 Br2 4 1 4
245 Br2 1 2 4
246 Br2 2 2 4
247 Br2 3 2 4
248 Br2 4 2 4
249 Br2 1 3 4
250 Br2 2 3 4
251 Br2 3 3 4
252 Br2 4 3 4
253 Br2 1 4 4
254 Br2 2 4 4
255 Br2 3 4 4
256 Br2 4 4 4
257 Br3 1 1 1
258 Br3 2 1 1
259 Br3 3 1 1
260 Br3 4 1 1
261 Br3 1 2 1
262 Br3 2 2 1
263 Br3 3 2 1
264 Br3 4 2 1
265 Br3 1 3 1
266 Br3 2 3 1
267 Br3 3 3 1
268 Br3 4 3 1
269 Br3 1 4 1
270 Br3 2 4 1
271 Br3 3 4 1
272 Br3 4 4 1
273 Br3 1 1 2
274 Br3 2 1 2
275 Br3 3 1 2
276 Br3 4 1 2
277 Br3 1 2 2
278 Br3 2 2 2
279 Br3 3 2 2
280 Br3 4 2 2
281 Br3 1 3 2
282 Br3 2 3 2
283 Br3 3 3 2
284 Br3 4 3 2
285 Br3 1 4 2
286 Br3 2 4 2
287 Br3 3 4 2
288 Br3 4 4 2
289 Br3 1 1 3
290 Br3 2 1 3
291 Br3 3 1 3
292 Br3 4 1 3
293 Br3 1 2 3
294 Br3 2 2 3
295 Br3 3 2 3
296 Br3 4 2 3
297 Br3 1 3 3
298 Br3 2 3 3
299 Br3 3 3 3
300 Br3 4 3 3
301 Br3 1 4 3
302 Br3 2 4 3
303 Br3 3 4 3
304 Br3 4 4 3
305 Br3 1 1 4
306 Br3 2 1 4
307 Br3 3 1 4
308 Br3 4 1 4
309 Br3 1 2 4
310 Br3 2 2 4
311 Br3 3 2 4
312 Br3 4 2 4
313 Br3 1 3 4
314 Br3 2 3 4
315 Br3 3 3 4
316 Br3 4 3 4
317 Br3 1 4 4
318 Br3 2 4 4
319 Br3 3 4 4
320 Br3 4 4 4
