       0
       4
      12
      20
      36
      48
      56
      80
      96
     112
     136
     152
     168
     196
     228
     236
     268
     300
     316
     356
     372
     388
     428
     468
     500
     536
     552
     576
     624
     656
     680
     720
     768
     784
     840
     872
     888
     952
     992
    1024
    1056
    1092
    1132
    1180
    1228
    1260
    1308
    1356
    1372
    1452
    1492
    1516
    1596
    1628
    1652
    1692
    1740
    1768
    1840
    1908
    1932
    1968
    2016
    2052
    2108
    2132
    2148
    2204
    2260
    2296
    2344
    2360
    2400
    2440
    2480
    2488
    2520
    2556
    2572
    2628
    2660
    2684
    2740
    2748
    2776
    2816
    2836
    2868
    2892
    2900
    2924
    2956
    2972
    3004
    3012
    3020
    3028
    3060
    3088
    3112
    3120
    3128
    3144
    3160
    3168
    3176
    3192
    3208
    3224
    3256
    3265
    3267
    3275
    3277
    3285
    3293
    3311
    3319
    3327
    3335
    3337
    3345
    3353
    3361
    3363
    3371
    3373
