       0
       6
      30
      60
      84
     132
     180
     210
     282
     330
     354
     450
     522
     576
     648
     696
     768
     864
     960
    1008
    1104
    1206
    1254
    1398
    1446
    1494
    1662
    1758
    1830
    1926
    2046
    2124
    2268
    2412
    2460
    2556
    2652
    2748
    2916
    3060
    3132
    3324
    3420
    3498
    3666
    3714
    3834
    4026
    4218
    4266
    4386
    4530
    4626
    4866
    4962
    5058
    5250
    5397
    5505
    5637
    5781
    5913
    6057
    6201
    6249
    6405
    6561
    6609
    6825
    6873
    6921
    7089
    7233
    7317
    7437
    7545
    7593
    7713
    7761
    7857
    7929
    8049
    8133
    8253
    8349
    8373
    8493
    8541
    8637
    8697
    8721
    8841
    8949
    8973
    9069
    9165
    9189
    9261
    9285
    9357
    9381
    9405
    9453
    9525
    9585
    9621
    9669
    9693
    9717
    9741
    9789
    9837
    9885
    9909
    9933
    9957
   10005
   10041
   10065
   10089
   10113
