7.071067811865475727e-01
7.071067811865475727e-01
7.071067811865475727e-01
7.071067811865475727e-01
1.224744871391588941e+00
1.224744871391588941e+00
1.224744871391588941e+00
1.224744871391588941e+00
1.224744871391588941e+00
1.224744871391588941e+00
1.224744871391588941e+00
1.224744871391588941e+00
1.581138830084189761e+00
1.581138830084189761e+00
1.581138830084189761e+00
1.581138830084189761e+00
1.581138830084189761e+00
1.581138830084189761e+00
1.581138830084189761e+00
1.581138830084189761e+00
1.870828693386970665e+00
1.870828693386970665e+00
1.870828693386970665e+00
1.870828693386970665e+00
1.870828693386970665e+00
1.870828693386970665e+00
1.870828693386970665e+00
1.870828693386970665e+00
1.870828693386970665e+00
1.870828693386970665e+00
1.870828693386970665e+00
1.870828693386970665e+00
1.870828693386970665e+00
1.870828693386970665e+00
1.870828693386970665e+00
1.870828693386970665e+00
2.121320343559642385e+00
2.121320343559642385e+00
2.121320343559642385e+00
2.121320343559642385e+00
2.121320343559642385e+00
2.121320343559642385e+00
2.121320343559642385e+00
2.121320343559642385e+00
2.121320343559642385e+00
2.121320343559642385e+00
2.121320343559642385e+00
2.121320343559642385e+00
2.345207879911714866e+00
2.345207879911714866e+00
2.345207879911714866e+00
2.345207879911714866e+00
2.345207879911714866e+00
2.345207879911714866e+00
2.345207879911714866e+00
2.345207879911714866e+00
2.549509756796392246e+00
2.549509756796392246e+00
2.549509756796392246e+00
2.549509756796392246e+00
2.549509756796392246e+00
2.549509756796392246e+00
2.549509756796392246e+00
2.549509756796392246e+00
2.549509756796392246e+00
2.549509756796392246e+00
2.549509756796392246e+00
2.549509756796392246e+00
2.549509756796392246e+00
2.549509756796392246e+00
2.549509756796392246e+00
2.549509756796392246e+00
2.549509756796392246e+00
2.549509756796392246e+00
2.549509756796392246e+00
2.549509756796392246e+00
2.549509756796392246e+00
2.549509756796392246e+00
2.549509756796392246e+00
2.549509756796392246e+00
2.738612787525830594e+00
2.738612787525830594e+00
2.738612787525830594e+00
2.738612787525830594e+00
2.738612787525830594e+00
2.738612787525830594e+00
2.738612787525830594e+00
2.738612787525830594e+00
2.738612787525830594e+00
2.738612787525830594e+00
2.738612787525830594e+00
2.738612787525830594e+00
2.738612787525830594e+00
2.738612787525830594e+00
2.738612787525830594e+00
2.738612787525830594e+00
2.915475947422650371e+00
2.915475947422650371e+00
2.915475947422650371e+00
2.915475947422650371e+00
2.915475947422650371e+00
2.915475947422650371e+00
2.915475947422650371e+00
2.915475947422650371e+00
2.915475947422650371e+00
2.915475947422650371e+00
2.915475947422650371e+00
2.915475947422650371e+00
2.915475947422650371e+00
2.915475947422650371e+00
2.915475947422650371e+00
2.915475947422650371e+00
3.082207001484488007e+00
3.082207001484488007e+00
3.082207001484488007e+00
3.082207001484488007e+00
3.082207001484488007e+00
3.082207001484488007e+00
3.082207001484488007e+00
3.082207001484488007e+00
3.082207001484488007e+00
3.082207001484488007e+00
3.082207001484488007e+00
3.082207001484488007e+00
3.082207001484488007e+00
3.082207001484488007e+00
3.082207001484488007e+00
3.082207001484488007e+00
3.082207001484488007e+00
3.082207001484488007e+00
3.082207001484488007e+00
3.082207001484488007e+00
3.082207001484488007e+00
3.082207001484488007e+00
3.082207001484488007e+00
3.082207001484488007e+00
3.240370349203930189e+00
3.240370349203930189e+00
3.240370349203930189e+00
3.240370349203930189e+00
3.240370349203930189e+00
3.240370349203930189e+00
3.240370349203930189e+00
3.240370349203930189e+00
3.240370349203930189e+00
3.240370349203930189e+00
3.240370349203930189e+00
3.240370349203930189e+00
3.240370349203930189e+00
3.240370349203930189e+00
3.240370349203930189e+00
3.240370349203930189e+00
3.391164991562634068e+00
3.391164991562634068e+00
3.391164991562634068e+00
3.391164991562634068e+00
3.391164991562634068e+00
3.391164991562634068e+00
3.391164991562634068e+00
3.391164991562634068e+00
3.391164991562634068e+00
3.391164991562634068e+00
3.391164991562634068e+00
3.391164991562634068e+00
3.391164991562634068e+00
3.391164991562634068e+00
3.391164991562634068e+00
3.391164991562634068e+00
3.535533905932737753e+00
3.535533905932737753e+00
3.535533905932737753e+00
3.535533905932737753e+00
3.535533905932737753e+00
3.535533905932737753e+00
3.535533905932737753e+00
3.535533905932737753e+00
3.535533905932737753e+00
3.535533905932737753e+00
3.535533905932737753e+00
3.535533905932737753e+00
3.535533905932737753e+00
3.535533905932737753e+00
3.535533905932737753e+00
3.535533905932737753e+00
3.535533905932737753e+00
3.535533905932737753e+00
3.535533905932737753e+00
3.535533905932737753e+00
3.535533905932737753e+00
3.535533905932737753e+00
3.535533905932737753e+00
3.535533905932737753e+00
3.535533905932737753e+00
3.535533905932737753e+00
3.535533905932737753e+00
3.535533905932737753e+00
3.674234614174767266e+00
3.674234614174767266e+00
3.674234614174767266e+00
3.674234614174767266e+00
3.674234614174767266e+00
3.674234614174767266e+00
3.674234614174767266e+00
3.674234614174767266e+00
3.674234614174767266e+00
3.674234614174767266e+00
3.674234614174767266e+00
3.674234614174767266e+00
3.674234614174767266e+00
3.674234614174767266e+00
3.674234614174767266e+00
3.674234614174767266e+00
3.674234614174767266e+00
3.674234614174767266e+00
3.674234614174767266e+00
3.674234614174767266e+00
3.674234614174767266e+00
3.674234614174767266e+00
3.674234614174767266e+00
3.674234614174767266e+00
3.674234614174767266e+00
3.674234614174767266e+00
3.674234614174767266e+00
3.674234614174767266e+00
3.674234614174767266e+00
3.674234614174767266e+00
3.674234614174767266e+00
3.674234614174767266e+00
3.807886552931954327e+00
3.807886552931954327e+00
3.807886552931954327e+00
3.807886552931954327e+00
3.807886552931954327e+00
3.807886552931954327e+00
3.807886552931954327e+00
3.807886552931954327e+00
3.937003937005905563e+00
3.937003937005905563e+00
3.937003937005905563e+00
3.937003937005905563e+00
3.937003937005905563e+00
3.937003937005905563e+00
3.937003937005905563e+00
3.937003937005905563e+00
3.937003937005905563e+00
3.937003937005905563e+00
3.937003937005905563e+00
3.937003937005905563e+00
3.937003937005905563e+00
3.937003937005905563e+00
3.937003937005905563e+00
3.937003937005905563e+00
3.937003937005905563e+00
3.937003937005905563e+00
3.937003937005905563e+00
3.937003937005905563e+00
3.937003937005905563e+00
3.937003937005905563e+00
3.937003937005905563e+00
3.937003937005905563e+00
3.937003937005905563e+00
3.937003937005905563e+00
3.937003937005905563e+00
3.937003937005905563e+00
3.937003937005905563e+00
3.937003937005905563e+00
3.937003937005905563e+00
3.937003937005905563e+00
4.062019202317980415e+00
4.062019202317980415e+00
4.062019202317980415e+00
4.062019202317980415e+00
4.062019202317980415e+00
4.062019202317980415e+00
4.062019202317980415e+00
4.062019202317980415e+00
4.062019202317980415e+00
4.062019202317980415e+00
4.062019202317980415e+00
4.062019202317980415e+00
4.062019202317980415e+00
4.062019202317980415e+00
4.062019202317980415e+00
4.062019202317980415e+00
4.062019202317980415e+00
4.062019202317980415e+00
4.062019202317980415e+00
4.062019202317980415e+00
4.062019202317980415e+00
4.062019202317980415e+00
4.062019202317980415e+00
4.062019202317980415e+00
4.062019202317980415e+00
4.062019202317980415e+00
4.062019202317980415e+00
4.062019202317980415e+00
4.062019202317980415e+00
4.062019202317980415e+00
4.062019202317980415e+00
4.062019202317980415e+00
4.183300132670377813e+00
4.183300132670377813e+00
4.183300132670377813e+00
4.183300132670377813e+00
4.183300132670377813e+00
4.183300132670377813e+00
4.183300132670377813e+00
4.183300132670377813e+00
4.183300132670377813e+00
4.183300132670377813e+00
4.183300132670377813e+00
4.183300132670377813e+00
4.183300132670377813e+00
4.183300132670377813e+00
4.183300132670377813e+00
4.183300132670377813e+00
4.301162633521313339e+00
4.301162633521313339e+00
4.301162633521313339e+00
4.301162633521313339e+00
4.301162633521313339e+00
4.301162633521313339e+00
4.301162633521313339e+00
4.301162633521313339e+00
4.301162633521313339e+00
4.301162633521313339e+00
4.301162633521313339e+00
4.301162633521313339e+00
4.301162633521313339e+00
4.301162633521313339e+00
4.301162633521313339e+00
4.301162633521313339e+00
4.301162633521313339e+00
4.301162633521313339e+00
4.301162633521313339e+00
4.301162633521313339e+00
4.301162633521313339e+00
4.301162633521313339e+00
4.301162633521313339e+00
4.301162633521313339e+00
4.301162633521313339e+00
4.301162633521313339e+00
4.301162633521313339e+00
4.301162633521313339e+00
4.301162633521313339e+00
4.301162633521313339e+00
4.301162633521313339e+00
4.301162633521313339e+00
4.301162633521313339e+00
4.301162633521313339e+00
4.301162633521313339e+00
4.301162633521313339e+00
4.301162633521313339e+00
4.301162633521313339e+00
4.301162633521313339e+00
4.301162633521313339e+00
4.415880433163923868e+00
4.415880433163923868e+00
4.415880433163923868e+00
4.415880433163923868e+00
4.415880433163923868e+00
4.415880433163923868e+00
4.415880433163923868e+00
4.415880433163923868e+00
4.415880433163923868e+00
4.415880433163923868e+00
4.415880433163923868e+00
4.415880433163923868e+00
4.415880433163923868e+00
4.415880433163923868e+00
4.415880433163923868e+00
4.415880433163923868e+00
4.527692569068708650e+00
4.527692569068708650e+00
4.527692569068708650e+00
4.527692569068708650e+00
4.527692569068708650e+00
4.527692569068708650e+00
4.527692569068708650e+00
4.527692569068708650e+00
4.527692569068708650e+00
4.527692569068708650e+00
4.527692569068708650e+00
4.527692569068708650e+00
4.527692569068708650e+00
4.527692569068708650e+00
4.527692569068708650e+00
4.527692569068708650e+00
4.636809247747851970e+00
4.636809247747851970e+00
4.636809247747851970e+00
4.636809247747851970e+00
4.636809247747851970e+00
4.636809247747851970e+00
4.636809247747851970e+00
4.636809247747851970e+00
4.636809247747851970e+00
4.636809247747851970e+00
4.636809247747851970e+00
4.636809247747851970e+00
4.636809247747851970e+00
4.636809247747851970e+00
4.636809247747851970e+00
4.636809247747851970e+00
4.636809247747851970e+00
4.636809247747851970e+00
4.636809247747851970e+00
4.636809247747851970e+00
4.636809247747851970e+00
4.636809247747851970e+00
4.636809247747851970e+00
4.636809247747851970e+00
4.636809247747851970e+00
4.636809247747851970e+00
4.636809247747851970e+00
4.636809247747851970e+00
4.636809247747851970e+00
4.636809247747851970e+00
4.636809247747851970e+00
4.636809247747851970e+00
4.636809247747851970e+00
4.636809247747851970e+00
4.636809247747851970e+00
4.636809247747851970e+00
4.636809247747851970e+00
4.636809247747851970e+00
4.636809247747851970e+00
4.636809247747851970e+00
4.743416490252569062e+00
4.743416490252569062e+00
4.743416490252569062e+00
4.743416490252569062e+00
4.743416490252569062e+00
4.743416490252569062e+00
4.743416490252569062e+00
4.743416490252569062e+00
4.743416490252569062e+00
4.743416490252569062e+00
4.743416490252569062e+00
4.743416490252569062e+00
4.743416490252569062e+00
4.743416490252569062e+00
4.743416490252569062e+00
4.743416490252569062e+00
4.743416490252569062e+00
4.743416490252569062e+00
4.743416490252569062e+00
4.743416490252569062e+00
4.743416490252569062e+00
4.743416490252569062e+00
4.743416490252569062e+00
4.743416490252569062e+00
4.743416490252569062e+00
4.743416490252569062e+00
4.743416490252569062e+00
4.743416490252569062e+00
4.743416490252569062e+00
4.743416490252569062e+00
4.743416490252569062e+00
4.743416490252569062e+00
4.743416490252569062e+00
4.743416490252569062e+00
4.743416490252569062e+00
4.743416490252569062e+00
4.743416490252569062e+00
4.743416490252569062e+00
4.743416490252569062e+00
4.743416490252569062e+00
4.847679857416329341e+00
4.847679857416329341e+00
4.847679857416329341e+00
4.847679857416329341e+00
4.847679857416329341e+00
4.847679857416329341e+00
4.847679857416329341e+00
4.847679857416329341e+00
4.847679857416329341e+00
4.847679857416329341e+00
4.847679857416329341e+00
4.847679857416329341e+00
4.847679857416329341e+00
4.847679857416329341e+00
4.847679857416329341e+00
4.847679857416329341e+00
4.847679857416329341e+00
4.847679857416329341e+00
4.847679857416329341e+00
4.847679857416329341e+00
4.847679857416329341e+00
4.847679857416329341e+00
4.847679857416329341e+00
4.847679857416329341e+00
4.847679857416329341e+00
4.847679857416329341e+00
4.847679857416329341e+00
4.847679857416329341e+00
4.847679857416329341e+00
4.847679857416329341e+00
4.847679857416329341e+00
4.847679857416329341e+00
4.949747468305832676e+00
4.949747468305832676e+00
4.949747468305832676e+00
4.949747468305832676e+00
4.949747468305832676e+00
4.949747468305832676e+00
4.949747468305832676e+00
4.949747468305832676e+00
4.949747468305832676e+00
4.949747468305832676e+00
4.949747468305832676e+00
4.949747468305832676e+00
4.949747468305832676e+00
4.949747468305832676e+00
4.949747468305832676e+00
4.949747468305832676e+00
4.949747468305832676e+00
4.949747468305832676e+00
4.949747468305832676e+00
4.949747468305832676e+00
4.949747468305832676e+00
4.949747468305832676e+00
4.949747468305832676e+00
4.949747468305832676e+00
4.949747468305832676e+00
4.949747468305832676e+00
4.949747468305832676e+00
4.949747468305832676e+00
4.949747468305832676e+00
4.949747468305832676e+00
4.949747468305832676e+00
4.949747468305832676e+00
4.949747468305832676e+00
4.949747468305832676e+00
4.949747468305832676e+00
4.949747468305832676e+00
5.049752469181038705e+00
5.049752469181038705e+00
5.049752469181038705e+00
5.049752469181038705e+00
5.049752469181038705e+00
5.049752469181038705e+00
5.049752469181038705e+00
5.049752469181038705e+00
5.049752469181038705e+00
5.049752469181038705e+00
5.049752469181038705e+00
5.049752469181038705e+00
5.049752469181038705e+00
5.049752469181038705e+00
5.049752469181038705e+00
5.049752469181038705e+00
5.147815070493500400e+00
5.147815070493500400e+00
5.147815070493500400e+00
5.147815070493500400e+00
5.147815070493500400e+00
5.147815070493500400e+00
5.147815070493500400e+00
5.147815070493500400e+00
5.147815070493500400e+00
5.147815070493500400e+00
5.147815070493500400e+00
5.147815070493500400e+00
5.147815070493500400e+00
5.147815070493500400e+00
5.147815070493500400e+00
5.147815070493500400e+00
5.147815070493500400e+00
5.147815070493500400e+00
5.147815070493500400e+00
5.147815070493500400e+00
5.147815070493500400e+00
5.147815070493500400e+00
5.147815070493500400e+00
5.147815070493500400e+00
5.244044240850757710e+00
5.244044240850757710e+00
5.244044240850757710e+00
5.244044240850757710e+00
5.244044240850757710e+00
5.244044240850757710e+00
5.244044240850757710e+00
5.244044240850757710e+00
5.244044240850757710e+00
5.244044240850757710e+00
5.244044240850757710e+00
5.244044240850757710e+00
5.244044240850757710e+00
5.244044240850757710e+00
5.244044240850757710e+00
5.244044240850757710e+00
5.244044240850757710e+00
5.244044240850757710e+00
5.244044240850757710e+00
5.244044240850757710e+00
5.244044240850757710e+00
5.244044240850757710e+00
5.244044240850757710e+00
5.244044240850757710e+00
5.244044240850757710e+00
5.244044240850757710e+00
5.244044240850757710e+00
5.244044240850757710e+00
5.244044240850757710e+00
5.244044240850757710e+00
5.244044240850757710e+00
5.244044240850757710e+00
5.244044240850757710e+00
5.244044240850757710e+00
5.244044240850757710e+00
5.244044240850757710e+00
5.244044240850757710e+00
5.244044240850757710e+00
5.244044240850757710e+00
5.244044240850757710e+00
5.244044240850757710e+00
5.244044240850757710e+00
5.244044240850757710e+00
5.244044240850757710e+00
5.244044240850757710e+00
5.244044240850757710e+00
5.244044240850757710e+00
5.244044240850757710e+00
5.338539126015655611e+00
5.338539126015655611e+00
5.338539126015655611e+00
5.338539126015655611e+00
5.338539126015655611e+00
5.338539126015655611e+00
5.338539126015655611e+00
5.338539126015655611e+00
5.338539126015655611e+00
5.338539126015655611e+00
5.338539126015655611e+00
5.338539126015655611e+00
5.338539126015655611e+00
5.338539126015655611e+00
5.338539126015655611e+00
5.338539126015655611e+00
5.338539126015655611e+00
5.338539126015655611e+00
5.338539126015655611e+00
5.338539126015655611e+00
5.338539126015655611e+00
5.338539126015655611e+00
5.338539126015655611e+00
5.338539126015655611e+00
5.338539126015655611e+00
5.338539126015655611e+00
5.338539126015655611e+00
5.338539126015655611e+00
5.338539126015655611e+00
5.338539126015655611e+00
5.338539126015655611e+00
5.338539126015655611e+00
5.431390245600107747e+00
5.431390245600107747e+00
5.431390245600107747e+00
5.431390245600107747e+00
5.431390245600107747e+00
5.431390245600107747e+00
5.431390245600107747e+00
5.431390245600107747e+00
5.431390245600107747e+00
5.431390245600107747e+00
5.431390245600107747e+00
5.431390245600107747e+00
5.431390245600107747e+00
5.431390245600107747e+00
5.431390245600107747e+00
5.431390245600107747e+00
5.431390245600107747e+00
5.431390245600107747e+00
5.431390245600107747e+00
5.431390245600107747e+00
5.431390245600107747e+00
5.431390245600107747e+00
5.431390245600107747e+00
5.431390245600107747e+00
5.522680508593630577e+00
5.522680508593630577e+00
5.522680508593630577e+00
5.522680508593630577e+00
5.522680508593630577e+00
5.522680508593630577e+00
5.522680508593630577e+00
5.522680508593630577e+00
5.522680508593630577e+00
5.522680508593630577e+00
5.522680508593630577e+00
5.522680508593630577e+00
5.522680508593630577e+00
5.522680508593630577e+00
5.522680508593630577e+00
5.522680508593630577e+00
5.522680508593630577e+00
5.522680508593630577e+00
5.522680508593630577e+00
5.522680508593630577e+00
5.522680508593630577e+00
5.522680508593630577e+00
5.522680508593630577e+00
5.522680508593630577e+00
5.522680508593630577e+00
5.522680508593630577e+00
5.522680508593630577e+00
5.522680508593630577e+00
5.522680508593630577e+00
5.522680508593630577e+00
5.522680508593630577e+00
5.522680508593630577e+00
5.522680508593630577e+00
5.522680508593630577e+00
5.522680508593630577e+00
5.522680508593630577e+00
5.522680508593630577e+00
5.522680508593630577e+00
5.522680508593630577e+00
5.522680508593630577e+00
5.612486080160912216e+00
5.612486080160912216e+00
5.612486080160912216e+00
5.612486080160912216e+00
5.612486080160912216e+00
5.612486080160912216e+00
5.612486080160912216e+00
5.612486080160912216e+00
5.612486080160912216e+00
5.612486080160912216e+00
5.612486080160912216e+00
5.612486080160912216e+00
5.612486080160912216e+00
5.612486080160912216e+00
5.612486080160912216e+00
5.612486080160912216e+00
5.612486080160912216e+00
5.612486080160912216e+00
5.612486080160912216e+00
5.612486080160912216e+00
5.612486080160912216e+00
5.612486080160912216e+00
5.612486080160912216e+00
5.612486080160912216e+00
5.612486080160912216e+00
5.612486080160912216e+00
5.612486080160912216e+00
5.612486080160912216e+00
5.612486080160912216e+00
5.612486080160912216e+00
5.612486080160912216e+00
5.612486080160912216e+00
5.612486080160912216e+00
5.612486080160912216e+00
5.612486080160912216e+00
5.612486080160912216e+00
5.612486080160912216e+00
5.612486080160912216e+00
5.612486080160912216e+00
5.612486080160912216e+00
5.612486080160912216e+00
5.612486080160912216e+00
5.612486080160912216e+00
5.612486080160912216e+00
5.612486080160912216e+00
5.612486080160912216e+00
5.612486080160912216e+00
5.612486080160912216e+00
5.700877125495689590e+00
5.700877125495689590e+00
5.700877125495689590e+00
5.700877125495689590e+00
5.700877125495689590e+00
5.700877125495689590e+00
5.700877125495689590e+00
5.700877125495689590e+00
5.700877125495689590e+00
5.700877125495689590e+00
5.700877125495689590e+00
5.700877125495689590e+00
5.700877125495689590e+00
5.700877125495689590e+00
5.700877125495689590e+00
5.700877125495689590e+00
5.787918451395112740e+00
5.787918451395112740e+00
5.787918451395112740e+00
5.787918451395112740e+00
5.787918451395112740e+00
5.787918451395112740e+00
5.787918451395112740e+00
5.787918451395112740e+00
5.787918451395112740e+00
5.787918451395112740e+00
5.787918451395112740e+00
5.787918451395112740e+00
5.787918451395112740e+00
5.787918451395112740e+00
5.787918451395112740e+00
5.787918451395112740e+00
5.787918451395112740e+00
5.787918451395112740e+00
5.787918451395112740e+00
5.787918451395112740e+00
5.787918451395112740e+00
5.787918451395112740e+00
5.787918451395112740e+00
5.787918451395112740e+00
5.787918451395112740e+00
5.787918451395112740e+00
5.787918451395112740e+00
5.787918451395112740e+00
5.787918451395112740e+00
5.787918451395112740e+00
5.787918451395112740e+00
5.787918451395112740e+00
5.787918451395112740e+00
5.787918451395112740e+00
5.787918451395112740e+00
5.787918451395112740e+00
5.787918451395112740e+00
5.787918451395112740e+00
5.787918451395112740e+00
5.787918451395112740e+00
5.787918451395112740e+00
5.787918451395112740e+00
5.787918451395112740e+00
5.787918451395112740e+00
5.787918451395112740e+00
5.787918451395112740e+00
5.787918451395112740e+00
5.787918451395112740e+00
5.787918451395112740e+00
5.787918451395112740e+00
5.787918451395112740e+00
5.787918451395112740e+00
5.787918451395112740e+00
5.787918451395112740e+00
5.787918451395112740e+00
5.787918451395112740e+00
5.873670062235365030e+00
5.873670062235365030e+00
5.873670062235365030e+00
5.873670062235365030e+00
5.873670062235365030e+00
5.873670062235365030e+00
5.873670062235365030e+00
5.873670062235365030e+00
5.873670062235365030e+00
5.873670062235365030e+00
5.873670062235365030e+00
5.873670062235365030e+00
5.873670062235365030e+00
5.873670062235365030e+00
5.873670062235365030e+00
5.873670062235365030e+00
5.873670062235365030e+00
5.873670062235365030e+00
5.873670062235365030e+00
5.873670062235365030e+00
5.873670062235365030e+00
5.873670062235365030e+00
5.873670062235365030e+00
5.873670062235365030e+00
5.873670062235365030e+00
5.873670062235365030e+00
5.873670062235365030e+00
5.873670062235365030e+00
5.873670062235365030e+00
5.873670062235365030e+00
5.873670062235365030e+00
5.873670062235365030e+00
5.958187643906492248e+00
5.958187643906492248e+00
5.958187643906492248e+00
5.958187643906492248e+00
5.958187643906492248e+00
5.958187643906492248e+00
5.958187643906492248e+00
5.958187643906492248e+00
5.958187643906492248e+00
5.958187643906492248e+00
5.958187643906492248e+00
5.958187643906492248e+00
5.958187643906492248e+00
5.958187643906492248e+00
5.958187643906492248e+00
5.958187643906492248e+00
6.041522986797286165e+00
6.041522986797286165e+00
6.041522986797286165e+00
6.041522986797286165e+00
6.041522986797286165e+00
6.041522986797286165e+00
6.041522986797286165e+00
6.041522986797286165e+00
6.041522986797286165e+00
6.041522986797286165e+00
6.041522986797286165e+00
6.041522986797286165e+00
6.041522986797286165e+00
6.041522986797286165e+00
6.041522986797286165e+00
6.041522986797286165e+00
6.041522986797286165e+00
6.041522986797286165e+00
6.041522986797286165e+00
6.041522986797286165e+00
6.041522986797286165e+00
6.041522986797286165e+00
6.041522986797286165e+00
6.041522986797286165e+00
6.041522986797286165e+00
6.041522986797286165e+00
6.041522986797286165e+00
6.041522986797286165e+00
6.041522986797286165e+00
6.041522986797286165e+00
6.041522986797286165e+00
6.041522986797286165e+00
6.041522986797286165e+00
6.041522986797286165e+00
6.041522986797286165e+00
6.041522986797286165e+00
6.041522986797286165e+00
6.041522986797286165e+00
6.041522986797286165e+00
6.041522986797286165e+00
6.041522986797286165e+00
6.041522986797286165e+00
6.041522986797286165e+00
6.041522986797286165e+00
6.041522986797286165e+00
6.041522986797286165e+00
6.041522986797286165e+00
6.041522986797286165e+00
6.041522986797286165e+00
6.041522986797286165e+00
6.041522986797286165e+00
6.041522986797286165e+00
6.041522986797286165e+00
6.041522986797286165e+00
6.041522986797286165e+00
6.041522986797286165e+00
6.041522986797286165e+00
6.041522986797286165e+00
6.041522986797286165e+00
6.041522986797286165e+00
6.041522986797286165e+00
6.041522986797286165e+00
6.041522986797286165e+00
6.041522986797286165e+00
6.123724356957945147e+00
6.123724356957945147e+00
6.123724356957945147e+00
6.123724356957945147e+00
6.123724356957945147e+00
6.123724356957945147e+00
6.123724356957945147e+00
6.123724356957945147e+00
6.123724356957945147e+00
6.123724356957945147e+00
6.123724356957945147e+00
6.123724356957945147e+00
6.123724356957945147e+00
6.123724356957945147e+00
6.123724356957945147e+00
6.123724356957945147e+00
6.123724356957945147e+00
6.123724356957945147e+00
6.123724356957945147e+00
6.123724356957945147e+00
6.123724356957945147e+00
6.123724356957945147e+00
6.123724356957945147e+00
6.123724356957945147e+00
6.123724356957945147e+00
6.123724356957945147e+00
6.123724356957945147e+00
6.123724356957945147e+00
6.123724356957945147e+00
6.123724356957945147e+00
6.123724356957945147e+00
6.123724356957945147e+00
6.123724356957945147e+00
6.123724356957945147e+00
6.123724356957945147e+00
6.123724356957945147e+00
6.123724356957945147e+00
6.123724356957945147e+00
6.123724356957945147e+00
6.123724356957945147e+00
6.204836822995428491e+00
6.204836822995428491e+00
6.204836822995428491e+00
6.204836822995428491e+00
6.204836822995428491e+00
6.204836822995428491e+00
6.204836822995428491e+00
6.204836822995428491e+00
6.204836822995428491e+00
6.204836822995428491e+00
6.204836822995428491e+00
6.204836822995428491e+00
6.204836822995428491e+00
6.204836822995428491e+00
6.204836822995428491e+00
6.204836822995428491e+00
6.204836822995428491e+00
6.204836822995428491e+00
6.204836822995428491e+00
6.204836822995428491e+00
6.204836822995428491e+00
6.204836822995428491e+00
6.204836822995428491e+00
6.204836822995428491e+00
6.204836822995428491e+00
6.204836822995428491e+00
6.204836822995428491e+00
6.204836822995428491e+00
6.204836822995428491e+00
6.204836822995428491e+00
6.204836822995428491e+00
6.204836822995428491e+00
6.284902544988267614e+00
6.284902544988267614e+00
6.284902544988267614e+00
6.284902544988267614e+00
6.284902544988267614e+00
6.284902544988267614e+00
6.284902544988267614e+00
6.284902544988267614e+00
6.284902544988267614e+00
6.284902544988267614e+00
6.284902544988267614e+00
6.284902544988267614e+00
6.284902544988267614e+00
6.284902544988267614e+00
6.284902544988267614e+00
6.284902544988267614e+00
6.284902544988267614e+00
6.284902544988267614e+00
6.284902544988267614e+00
6.284902544988267614e+00
6.284902544988267614e+00
6.284902544988267614e+00
6.284902544988267614e+00
6.284902544988267614e+00
6.284902544988267614e+00
6.284902544988267614e+00
6.284902544988267614e+00
6.284902544988267614e+00
6.284902544988267614e+00
6.284902544988267614e+00
6.284902544988267614e+00
6.284902544988267614e+00
6.363961030678927600e+00
6.363961030678927600e+00
6.363961030678927600e+00
6.363961030678927600e+00
6.363961030678927600e+00
6.363961030678927600e+00
6.363961030678927600e+00
6.363961030678927600e+00
6.363961030678927600e+00
6.363961030678927600e+00
6.363961030678927600e+00
6.363961030678927600e+00
6.363961030678927600e+00
6.363961030678927600e+00
6.363961030678927600e+00
6.363961030678927600e+00
6.363961030678927600e+00
6.363961030678927600e+00
6.363961030678927600e+00
6.363961030678927600e+00
6.363961030678927600e+00
6.363961030678927600e+00
6.363961030678927600e+00
6.363961030678927600e+00
6.363961030678927600e+00
6.363961030678927600e+00
6.363961030678927600e+00
6.363961030678927600e+00
6.363961030678927600e+00
6.363961030678927600e+00
6.363961030678927600e+00
6.363961030678927600e+00
6.363961030678927600e+00
6.363961030678927600e+00
6.363961030678927600e+00
6.363961030678927600e+00
6.442049363362563064e+00
6.442049363362563064e+00
6.442049363362563064e+00
6.442049363362563064e+00
6.442049363362563064e+00
6.442049363362563064e+00
6.442049363362563064e+00
6.442049363362563064e+00
6.442049363362563064e+00
6.442049363362563064e+00
6.442049363362563064e+00
6.442049363362563064e+00
6.442049363362563064e+00
6.442049363362563064e+00
6.442049363362563064e+00
6.442049363362563064e+00
6.442049363362563064e+00
6.442049363362563064e+00
6.442049363362563064e+00
6.442049363362563064e+00
6.442049363362563064e+00
6.442049363362563064e+00
6.442049363362563064e+00
6.442049363362563064e+00
6.442049363362563064e+00
6.442049363362563064e+00
6.442049363362563064e+00
6.442049363362563064e+00
6.442049363362563064e+00
6.442049363362563064e+00
6.442049363362563064e+00
6.442049363362563064e+00
6.442049363362563064e+00
6.442049363362563064e+00
6.442049363362563064e+00
6.442049363362563064e+00
6.442049363362563064e+00
6.442049363362563064e+00
6.442049363362563064e+00
6.442049363362563064e+00
6.519202405202649153e+00
6.519202405202649153e+00
6.519202405202649153e+00
6.519202405202649153e+00
6.519202405202649153e+00
6.519202405202649153e+00
6.519202405202649153e+00
6.519202405202649153e+00
6.519202405202649153e+00
6.519202405202649153e+00
6.519202405202649153e+00
6.519202405202649153e+00
6.519202405202649153e+00
6.519202405202649153e+00
6.519202405202649153e+00
6.519202405202649153e+00
6.519202405202649153e+00
6.519202405202649153e+00
6.519202405202649153e+00
6.519202405202649153e+00
6.519202405202649153e+00
6.519202405202649153e+00
6.519202405202649153e+00
6.519202405202649153e+00
6.519202405202649153e+00
6.519202405202649153e+00
6.519202405202649153e+00
6.519202405202649153e+00
6.519202405202649153e+00
6.519202405202649153e+00
6.519202405202649153e+00
6.519202405202649153e+00
6.519202405202649153e+00
6.519202405202649153e+00
6.519202405202649153e+00
6.519202405202649153e+00
6.519202405202649153e+00
6.519202405202649153e+00
6.519202405202649153e+00
6.519202405202649153e+00
6.519202405202649153e+00
6.519202405202649153e+00
6.519202405202649153e+00
6.519202405202649153e+00
6.519202405202649153e+00
6.519202405202649153e+00
6.519202405202649153e+00
6.519202405202649153e+00
6.595452979136459781e+00
6.595452979136459781e+00
6.595452979136459781e+00
6.595452979136459781e+00
6.595452979136459781e+00
6.595452979136459781e+00
6.595452979136459781e+00
6.595452979136459781e+00
6.595452979136459781e+00
6.595452979136459781e+00
6.595452979136459781e+00
6.595452979136459781e+00
6.595452979136459781e+00
6.595452979136459781e+00
6.595452979136459781e+00
6.595452979136459781e+00
6.595452979136459781e+00
6.595452979136459781e+00
6.595452979136459781e+00
6.595452979136459781e+00
6.595452979136459781e+00
6.595452979136459781e+00
6.595452979136459781e+00
6.595452979136459781e+00
6.595452979136459781e+00
6.595452979136459781e+00
6.595452979136459781e+00
6.595452979136459781e+00
6.595452979136459781e+00
6.595452979136459781e+00
6.595452979136459781e+00
6.595452979136459781e+00
6.595452979136459781e+00
6.595452979136459781e+00
6.595452979136459781e+00
6.595452979136459781e+00
6.595452979136459781e+00
6.595452979136459781e+00
6.595452979136459781e+00
6.595452979136459781e+00
6.595452979136459781e+00
6.595452979136459781e+00
6.595452979136459781e+00
6.595452979136459781e+00
6.595452979136459781e+00
6.595452979136459781e+00
6.595452979136459781e+00
6.595452979136459781e+00
6.670832032063167105e+00
6.670832032063167105e+00
6.670832032063167105e+00
6.670832032063167105e+00
6.670832032063167105e+00
6.670832032063167105e+00
6.670832032063167105e+00
6.670832032063167105e+00
6.670832032063167105e+00
6.670832032063167105e+00
6.670832032063167105e+00
6.670832032063167105e+00
6.670832032063167105e+00
6.670832032063167105e+00
6.670832032063167105e+00
6.670832032063167105e+00
6.670832032063167105e+00
6.670832032063167105e+00
6.670832032063167105e+00
6.670832032063167105e+00
6.670832032063167105e+00
6.670832032063167105e+00
6.670832032063167105e+00
6.670832032063167105e+00
6.670832032063167105e+00
6.670832032063167105e+00
6.670832032063167105e+00
6.670832032063167105e+00
6.670832032063167105e+00
6.670832032063167105e+00
6.670832032063167105e+00
6.670832032063167105e+00
6.745368781616020826e+00
6.745368781616020826e+00
6.745368781616020826e+00
6.745368781616020826e+00
6.745368781616020826e+00
6.745368781616020826e+00
6.745368781616020826e+00
6.745368781616020826e+00
6.745368781616020826e+00
6.745368781616020826e+00
6.745368781616020826e+00
6.745368781616020826e+00
6.745368781616020826e+00
6.745368781616020826e+00
6.745368781616020826e+00
6.745368781616020826e+00
6.745368781616020826e+00
6.745368781616020826e+00
6.745368781616020826e+00
6.745368781616020826e+00
6.745368781616020826e+00
6.745368781616020826e+00
6.745368781616020826e+00
6.745368781616020826e+00
6.745368781616020826e+00
6.745368781616020826e+00
6.745368781616020826e+00
6.745368781616020826e+00
6.745368781616020826e+00
6.745368781616020826e+00
6.745368781616020826e+00
6.745368781616020826e+00
6.745368781616020826e+00
6.745368781616020826e+00
6.745368781616020826e+00
6.745368781616020826e+00
6.745368781616020826e+00
6.745368781616020826e+00
6.745368781616020826e+00
6.745368781616020826e+00
6.745368781616020826e+00
6.745368781616020826e+00
6.745368781616020826e+00
6.745368781616020826e+00
6.745368781616020826e+00
6.745368781616020826e+00
6.745368781616020826e+00
6.745368781616020826e+00
6.819090848492927570e+00
6.819090848492927570e+00
6.819090848492927570e+00
6.819090848492927570e+00
6.819090848492927570e+00
6.819090848492927570e+00
6.819090848492927570e+00
6.819090848492927570e+00
6.819090848492927570e+00
6.819090848492927570e+00
6.819090848492927570e+00
6.819090848492927570e+00
6.819090848492927570e+00
6.819090848492927570e+00
6.819090848492927570e+00
6.819090848492927570e+00
6.819090848492927570e+00
6.819090848492927570e+00
6.819090848492927570e+00
6.819090848492927570e+00
6.819090848492927570e+00
6.819090848492927570e+00
6.819090848492927570e+00
6.819090848492927570e+00
6.819090848492927570e+00
6.819090848492927570e+00
6.819090848492927570e+00
6.819090848492927570e+00
6.819090848492927570e+00
6.819090848492927570e+00
6.819090848492927570e+00
6.819090848492927570e+00
6.819090848492927570e+00
6.819090848492927570e+00
6.819090848492927570e+00
6.819090848492927570e+00
6.819090848492927570e+00
6.819090848492927570e+00
6.819090848492927570e+00
6.819090848492927570e+00
6.819090848492927570e+00
6.819090848492927570e+00
6.819090848492927570e+00
6.819090848492927570e+00
6.819090848492927570e+00
6.819090848492927570e+00
6.819090848492927570e+00
6.819090848492927570e+00
6.892024376045110756e+00
6.892024376045110756e+00
6.892024376045110756e+00
6.892024376045110756e+00
6.892024376045110756e+00
6.892024376045110756e+00
6.892024376045110756e+00
6.892024376045110756e+00
6.892024376045110756e+00
6.892024376045110756e+00
6.892024376045110756e+00
6.892024376045110756e+00
6.892024376045110756e+00
6.892024376045110756e+00
6.892024376045110756e+00
6.892024376045110756e+00
6.964194138592059602e+00
6.964194138592059602e+00
6.964194138592059602e+00
6.964194138592059602e+00
6.964194138592059602e+00
6.964194138592059602e+00
6.964194138592059602e+00
6.964194138592059602e+00
6.964194138592059602e+00
6.964194138592059602e+00
6.964194138592059602e+00
6.964194138592059602e+00
6.964194138592059602e+00
6.964194138592059602e+00
6.964194138592059602e+00
6.964194138592059602e+00
6.964194138592059602e+00
6.964194138592059602e+00
6.964194138592059602e+00
6.964194138592059602e+00
6.964194138592059602e+00
6.964194138592059602e+00
6.964194138592059602e+00
6.964194138592059602e+00
6.964194138592059602e+00
6.964194138592059602e+00
6.964194138592059602e+00
6.964194138592059602e+00
6.964194138592059602e+00
6.964194138592059602e+00
6.964194138592059602e+00
6.964194138592059602e+00
6.964194138592059602e+00
6.964194138592059602e+00
6.964194138592059602e+00
6.964194138592059602e+00
6.964194138592059602e+00
6.964194138592059602e+00
6.964194138592059602e+00
6.964194138592059602e+00
6.964194138592059602e+00
6.964194138592059602e+00
6.964194138592059602e+00
6.964194138592059602e+00
6.964194138592059602e+00
6.964194138592059602e+00
6.964194138592059602e+00
6.964194138592059602e+00
6.964194138592059602e+00
6.964194138592059602e+00
6.964194138592059602e+00
6.964194138592059602e+00
6.964194138592059602e+00
6.964194138592059602e+00
6.964194138592059602e+00
6.964194138592059602e+00
6.964194138592059602e+00
6.964194138592059602e+00
6.964194138592059602e+00
6.964194138592059602e+00
6.964194138592059602e+00
6.964194138592059602e+00
6.964194138592059602e+00
6.964194138592059602e+00
6.964194138592059602e+00
6.964194138592059602e+00
6.964194138592059602e+00
6.964194138592059602e+00
6.964194138592059602e+00
6.964194138592059602e+00
6.964194138592059602e+00
6.964194138592059602e+00
6.964194138592059602e+00
6.964194138592059602e+00
6.964194138592059602e+00
6.964194138592059602e+00
6.964194138592059602e+00
6.964194138592059602e+00
6.964194138592059602e+00
6.964194138592059602e+00
7.035623639735144152e+00
7.035623639735144152e+00
7.035623639735144152e+00
7.035623639735144152e+00
7.035623639735144152e+00
7.035623639735144152e+00
7.035623639735144152e+00
7.035623639735144152e+00
7.035623639735144152e+00
7.035623639735144152e+00
7.035623639735144152e+00
7.035623639735144152e+00
7.035623639735144152e+00
7.035623639735144152e+00
7.035623639735144152e+00
7.035623639735144152e+00
7.035623639735144152e+00
7.035623639735144152e+00
7.035623639735144152e+00
7.035623639735144152e+00
7.035623639735144152e+00
7.035623639735144152e+00
7.035623639735144152e+00
7.035623639735144152e+00
7.035623639735144152e+00
7.035623639735144152e+00
7.035623639735144152e+00
7.035623639735144152e+00
7.035623639735144152e+00
7.035623639735144152e+00
7.035623639735144152e+00
7.035623639735144152e+00
7.035623639735144152e+00
7.035623639735144152e+00
7.035623639735144152e+00
7.035623639735144152e+00
7.035623639735144152e+00
7.035623639735144152e+00
7.035623639735144152e+00
7.035623639735144152e+00
7.106335201775947574e+00
7.106335201775947574e+00
7.106335201775947574e+00
7.106335201775947574e+00
7.106335201775947574e+00
7.106335201775947574e+00
7.106335201775947574e+00
7.106335201775947574e+00
7.106335201775947574e+00
7.106335201775947574e+00
7.106335201775947574e+00
7.106335201775947574e+00
7.106335201775947574e+00
7.106335201775947574e+00
7.106335201775947574e+00
7.106335201775947574e+00
7.106335201775947574e+00
7.106335201775947574e+00
7.106335201775947574e+00
7.106335201775947574e+00
7.106335201775947574e+00
7.106335201775947574e+00
7.106335201775947574e+00
7.106335201775947574e+00
7.176350047203661653e+00
7.176350047203661653e+00
7.176350047203661653e+00
7.176350047203661653e+00
7.176350047203661653e+00
7.176350047203661653e+00
7.176350047203661653e+00
7.176350047203661653e+00
7.176350047203661653e+00
7.176350047203661653e+00
7.176350047203661653e+00
7.176350047203661653e+00
7.176350047203661653e+00
7.176350047203661653e+00
7.176350047203661653e+00
7.176350047203661653e+00
7.176350047203661653e+00
7.176350047203661653e+00
7.176350047203661653e+00
7.176350047203661653e+00
7.176350047203661653e+00
7.176350047203661653e+00
7.176350047203661653e+00
7.176350047203661653e+00
7.176350047203661653e+00
7.176350047203661653e+00
7.176350047203661653e+00
7.176350047203661653e+00
7.176350047203661653e+00
7.176350047203661653e+00
7.176350047203661653e+00
7.176350047203661653e+00
7.176350047203661653e+00
7.176350047203661653e+00
7.176350047203661653e+00
7.176350047203661653e+00
7.176350047203661653e+00
7.176350047203661653e+00
7.176350047203661653e+00
7.176350047203661653e+00
7.176350047203661653e+00
7.176350047203661653e+00
7.176350047203661653e+00
7.176350047203661653e+00
7.176350047203661653e+00
7.176350047203661653e+00
7.176350047203661653e+00
7.176350047203661653e+00
7.176350047203661653e+00
7.176350047203661653e+00
7.176350047203661653e+00
7.176350047203661653e+00
7.176350047203661653e+00
7.176350047203661653e+00
7.176350047203661653e+00
7.176350047203661653e+00
7.176350047203661653e+00
7.176350047203661653e+00
7.176350047203661653e+00
7.176350047203661653e+00
7.176350047203661653e+00
7.176350047203661653e+00
7.176350047203661653e+00
7.176350047203661653e+00
7.176350047203661653e+00
7.176350047203661653e+00
7.176350047203661653e+00
7.176350047203661653e+00
7.176350047203661653e+00
7.176350047203661653e+00
7.176350047203661653e+00
7.176350047203661653e+00
7.176350047203661653e+00
7.176350047203661653e+00
7.176350047203661653e+00
7.176350047203661653e+00
7.176350047203661653e+00
7.176350047203661653e+00
7.176350047203661653e+00
7.176350047203661653e+00
7.245688373094719026e+00
7.245688373094719026e+00
7.245688373094719026e+00
7.245688373094719026e+00
7.245688373094719026e+00
7.245688373094719026e+00
7.245688373094719026e+00
7.245688373094719026e+00
7.245688373094719026e+00
7.245688373094719026e+00
7.245688373094719026e+00
7.245688373094719026e+00
7.245688373094719026e+00
7.245688373094719026e+00
7.245688373094719026e+00
7.245688373094719026e+00
7.245688373094719026e+00
7.245688373094719026e+00
7.245688373094719026e+00
7.245688373094719026e+00
7.245688373094719026e+00
7.245688373094719026e+00
7.245688373094719026e+00
7.245688373094719026e+00
7.245688373094719026e+00
7.245688373094719026e+00
7.245688373094719026e+00
7.245688373094719026e+00
7.245688373094719026e+00
7.245688373094719026e+00
7.245688373094719026e+00
7.245688373094719026e+00
7.314369419163896602e+00
7.314369419163896602e+00
7.314369419163896602e+00
7.314369419163896602e+00
7.314369419163896602e+00
7.314369419163896602e+00
7.314369419163896602e+00
7.314369419163896602e+00
7.314369419163896602e+00
7.314369419163896602e+00
7.314369419163896602e+00
7.314369419163896602e+00
7.314369419163896602e+00
7.314369419163896602e+00
7.314369419163896602e+00
7.314369419163896602e+00
7.314369419163896602e+00
7.314369419163896602e+00
7.314369419163896602e+00
7.314369419163896602e+00
7.314369419163896602e+00
7.314369419163896602e+00
7.314369419163896602e+00
7.314369419163896602e+00
7.382411530116700149e+00
7.382411530116700149e+00
7.382411530116700149e+00
7.382411530116700149e+00
7.382411530116700149e+00
7.382411530116700149e+00
7.382411530116700149e+00
7.382411530116700149e+00
7.382411530116700149e+00
7.382411530116700149e+00
7.382411530116700149e+00
7.382411530116700149e+00
7.382411530116700149e+00
7.382411530116700149e+00
7.382411530116700149e+00
7.382411530116700149e+00
7.382411530116700149e+00
7.382411530116700149e+00
7.382411530116700149e+00
7.382411530116700149e+00
7.382411530116700149e+00
7.382411530116700149e+00
7.382411530116700149e+00
7.382411530116700149e+00
7.382411530116700149e+00
7.382411530116700149e+00
7.382411530116700149e+00
7.382411530116700149e+00
7.382411530116700149e+00
7.382411530116700149e+00
7.382411530116700149e+00
7.382411530116700149e+00
7.382411530116700149e+00
7.382411530116700149e+00
7.382411530116700149e+00
7.382411530116700149e+00
7.382411530116700149e+00
7.382411530116700149e+00
7.382411530116700149e+00
7.382411530116700149e+00
7.449832212875669768e+00
7.449832212875669768e+00
7.449832212875669768e+00
7.449832212875669768e+00
7.449832212875669768e+00
7.449832212875669768e+00
7.449832212875669768e+00
7.449832212875669768e+00
7.449832212875669768e+00
7.449832212875669768e+00
7.449832212875669768e+00
7.449832212875669768e+00
7.449832212875669768e+00
7.449832212875669768e+00
7.449832212875669768e+00
7.449832212875669768e+00
7.449832212875669768e+00
7.449832212875669768e+00
7.449832212875669768e+00
7.449832212875669768e+00
7.449832212875669768e+00
7.449832212875669768e+00
7.449832212875669768e+00
7.449832212875669768e+00
7.449832212875669768e+00
7.449832212875669768e+00
7.449832212875669768e+00
7.449832212875669768e+00
7.449832212875669768e+00
7.449832212875669768e+00
7.449832212875669768e+00
7.449832212875669768e+00
7.449832212875669768e+00
7.449832212875669768e+00
7.449832212875669768e+00
7.449832212875669768e+00
7.449832212875669768e+00
7.449832212875669768e+00
7.449832212875669768e+00
7.449832212875669768e+00
7.449832212875669768e+00
7.449832212875669768e+00
7.449832212875669768e+00
7.449832212875669768e+00
7.449832212875669768e+00
7.449832212875669768e+00
7.449832212875669768e+00
7.449832212875669768e+00
7.516648189186454054e+00
7.516648189186454054e+00
7.516648189186454054e+00
7.516648189186454054e+00
7.516648189186454054e+00
7.516648189186454054e+00
7.516648189186454054e+00
7.516648189186454054e+00
7.516648189186454054e+00
7.516648189186454054e+00
7.516648189186454054e+00
7.516648189186454054e+00
7.516648189186454054e+00
7.516648189186454054e+00
7.516648189186454054e+00
7.516648189186454054e+00
7.516648189186454054e+00
7.516648189186454054e+00
7.516648189186454054e+00
7.516648189186454054e+00
7.516648189186454054e+00
7.516648189186454054e+00
7.516648189186454054e+00
7.516648189186454054e+00
7.516648189186454054e+00
7.516648189186454054e+00
7.516648189186454054e+00
7.516648189186454054e+00
7.582875444051550673e+00
7.582875444051550673e+00
7.582875444051550673e+00
7.582875444051550673e+00
7.582875444051550673e+00
7.582875444051550673e+00
7.582875444051550673e+00
7.582875444051550673e+00
7.582875444051550673e+00
7.582875444051550673e+00
7.582875444051550673e+00
7.582875444051550673e+00
7.582875444051550673e+00
7.582875444051550673e+00
7.582875444051550673e+00
7.582875444051550673e+00
7.582875444051550673e+00
7.582875444051550673e+00
7.582875444051550673e+00
7.582875444051550673e+00
7.582875444051550673e+00
7.582875444051550673e+00
7.582875444051550673e+00
7.582875444051550673e+00
7.582875444051550673e+00
7.582875444051550673e+00
7.582875444051550673e+00
7.582875444051550673e+00
7.582875444051550673e+00
7.582875444051550673e+00
7.582875444051550673e+00
7.582875444051550673e+00
7.582875444051550673e+00
7.582875444051550673e+00
7.582875444051550673e+00
7.582875444051550673e+00
7.582875444051550673e+00
7.582875444051550673e+00
7.582875444051550673e+00
7.582875444051550673e+00
7.582875444051550673e+00
7.582875444051550673e+00
7.582875444051550673e+00
7.582875444051550673e+00
7.582875444051550673e+00
7.582875444051550673e+00
7.582875444051550673e+00
7.582875444051550673e+00
7.582875444051550673e+00
7.582875444051550673e+00
7.582875444051550673e+00
7.582875444051550673e+00
7.582875444051550673e+00
7.582875444051550673e+00
7.582875444051550673e+00
7.582875444051550673e+00
7.582875444051550673e+00
7.582875444051550673e+00
7.582875444051550673e+00
7.582875444051550673e+00
7.582875444051550673e+00
7.582875444051550673e+00
7.582875444051550673e+00
7.582875444051550673e+00
7.582875444051550673e+00
7.582875444051550673e+00
7.582875444051550673e+00
7.582875444051550673e+00
7.582875444051550673e+00
7.582875444051550673e+00
7.582875444051550673e+00
7.582875444051550673e+00
7.648529270389177626e+00
7.648529270389177626e+00
7.648529270389177626e+00
7.648529270389177626e+00
7.648529270389177626e+00
7.648529270389177626e+00
7.648529270389177626e+00
7.648529270389177626e+00
7.648529270389177626e+00
7.648529270389177626e+00
7.648529270389177626e+00
7.648529270389177626e+00
7.648529270389177626e+00
7.648529270389177626e+00
7.648529270389177626e+00
7.648529270389177626e+00
7.648529270389177626e+00
7.648529270389177626e+00
7.648529270389177626e+00
7.648529270389177626e+00
7.648529270389177626e+00
7.648529270389177626e+00
7.648529270389177626e+00
7.648529270389177626e+00
7.648529270389177626e+00
7.648529270389177626e+00
7.648529270389177626e+00
7.648529270389177626e+00
7.648529270389177626e+00
7.648529270389177626e+00
7.648529270389177626e+00
7.648529270389177626e+00
7.648529270389177626e+00
7.648529270389177626e+00
7.648529270389177626e+00
7.648529270389177626e+00
7.648529270389177626e+00
7.648529270389177626e+00
7.648529270389177626e+00
7.648529270389177626e+00
7.648529270389177626e+00
7.648529270389177626e+00
7.648529270389177626e+00
7.648529270389177626e+00
7.648529270389177626e+00
7.648529270389177626e+00
7.648529270389177626e+00
7.648529270389177626e+00
7.648529270389177626e+00
7.648529270389177626e+00
7.648529270389177626e+00
7.648529270389177626e+00
7.648529270389177626e+00
7.648529270389177626e+00
7.648529270389177626e+00
7.648529270389177626e+00
7.648529270389177626e+00
7.648529270389177626e+00
7.648529270389177626e+00
7.648529270389177626e+00
7.648529270389177626e+00
7.648529270389177626e+00
7.648529270389177626e+00
7.648529270389177626e+00
7.648529270389177626e+00
7.648529270389177626e+00
7.648529270389177626e+00
7.648529270389177626e+00
7.713624310270756013e+00
7.713624310270756013e+00
7.713624310270756013e+00
7.713624310270756013e+00
7.713624310270756013e+00
7.713624310270756013e+00
7.713624310270756013e+00
7.713624310270756013e+00
7.713624310270756013e+00
7.713624310270756013e+00
7.713624310270756013e+00
7.713624310270756013e+00
7.713624310270756013e+00
7.713624310270756013e+00
7.713624310270756013e+00
7.713624310270756013e+00
7.713624310270756013e+00
7.713624310270756013e+00
7.713624310270756013e+00
7.713624310270756013e+00
7.713624310270756013e+00
7.713624310270756013e+00
7.713624310270756013e+00
7.713624310270756013e+00
7.778174593052022523e+00
7.778174593052022523e+00
7.778174593052022523e+00
7.778174593052022523e+00
7.778174593052022523e+00
7.778174593052022523e+00
7.778174593052022523e+00
7.778174593052022523e+00
7.778174593052022523e+00
7.778174593052022523e+00
7.778174593052022523e+00
7.778174593052022523e+00
7.778174593052022523e+00
7.778174593052022523e+00
7.778174593052022523e+00
7.778174593052022523e+00
7.778174593052022523e+00
7.778174593052022523e+00
7.778174593052022523e+00
7.778174593052022523e+00
7.778174593052022523e+00
7.778174593052022523e+00
7.778174593052022523e+00
7.778174593052022523e+00
7.778174593052022523e+00
7.778174593052022523e+00
7.778174593052022523e+00
7.778174593052022523e+00
7.778174593052022523e+00
7.778174593052022523e+00
7.778174593052022523e+00
7.778174593052022523e+00
7.778174593052022523e+00
7.778174593052022523e+00
7.778174593052022523e+00
7.778174593052022523e+00
7.842193570679061310e+00
7.842193570679061310e+00
7.842193570679061310e+00
7.842193570679061310e+00
7.842193570679061310e+00
7.842193570679061310e+00
7.842193570679061310e+00
7.842193570679061310e+00
7.842193570679061310e+00
7.842193570679061310e+00
7.842193570679061310e+00
7.842193570679061310e+00
7.842193570679061310e+00
7.842193570679061310e+00
7.842193570679061310e+00
7.842193570679061310e+00
7.842193570679061310e+00
7.842193570679061310e+00
7.842193570679061310e+00
7.842193570679061310e+00
7.842193570679061310e+00
7.842193570679061310e+00
7.842193570679061310e+00
7.842193570679061310e+00
7.842193570679061310e+00
7.842193570679061310e+00
7.842193570679061310e+00
7.842193570679061310e+00
7.842193570679061310e+00
7.842193570679061310e+00
7.842193570679061310e+00
7.842193570679061310e+00
7.842193570679061310e+00
7.842193570679061310e+00
7.842193570679061310e+00
7.842193570679061310e+00
7.842193570679061310e+00
7.842193570679061310e+00
7.842193570679061310e+00
7.842193570679061310e+00
7.842193570679061310e+00
7.842193570679061310e+00
7.842193570679061310e+00
7.842193570679061310e+00
7.842193570679061310e+00
7.842193570679061310e+00
7.842193570679061310e+00
7.842193570679061310e+00
7.905694150420948141e+00
7.905694150420948141e+00
7.905694150420948141e+00
7.905694150420948141e+00
7.905694150420948141e+00
7.905694150420948141e+00
7.905694150420948141e+00
7.905694150420948141e+00
7.905694150420948141e+00
7.905694150420948141e+00
7.905694150420948141e+00
7.905694150420948141e+00
7.905694150420948141e+00
7.905694150420948141e+00
7.905694150420948141e+00
7.905694150420948141e+00
7.905694150420948141e+00
7.905694150420948141e+00
7.905694150420948141e+00
7.905694150420948141e+00
7.905694150420948141e+00
7.905694150420948141e+00
7.905694150420948141e+00
7.905694150420948141e+00
7.905694150420948141e+00
7.905694150420948141e+00
7.905694150420948141e+00
7.905694150420948141e+00
7.905694150420948141e+00
7.905694150420948141e+00
7.905694150420948141e+00
7.905694150420948141e+00
7.905694150420948141e+00
7.905694150420948141e+00
7.905694150420948141e+00
7.905694150420948141e+00
7.968688725254613914e+00
7.968688725254613914e+00
7.968688725254613914e+00
7.968688725254613914e+00
7.968688725254613914e+00
7.968688725254613914e+00
7.968688725254613914e+00
7.968688725254613914e+00
7.968688725254613914e+00
7.968688725254613914e+00
7.968688725254613914e+00
7.968688725254613914e+00
7.968688725254613914e+00
7.968688725254613914e+00
7.968688725254613914e+00
7.968688725254613914e+00
7.968688725254613914e+00
7.968688725254613914e+00
7.968688725254613914e+00
7.968688725254613914e+00
7.968688725254613914e+00
7.968688725254613914e+00
7.968688725254613914e+00
7.968688725254613914e+00
7.968688725254613914e+00
7.968688725254613914e+00
7.968688725254613914e+00
7.968688725254613914e+00
7.968688725254613914e+00
7.968688725254613914e+00
7.968688725254613914e+00
7.968688725254613914e+00
7.968688725254613914e+00
7.968688725254613914e+00
7.968688725254613914e+00
7.968688725254613914e+00
7.968688725254613914e+00
7.968688725254613914e+00
7.968688725254613914e+00
7.968688725254613914e+00
7.968688725254613914e+00
7.968688725254613914e+00
7.968688725254613914e+00
7.968688725254613914e+00
7.968688725254613914e+00
7.968688725254613914e+00
7.968688725254613914e+00
7.968688725254613914e+00
7.968688725254613914e+00
7.968688725254613914e+00
7.968688725254613914e+00
7.968688725254613914e+00
7.968688725254613914e+00
7.968688725254613914e+00
7.968688725254613914e+00
7.968688725254613914e+00
8.031189202104505043e+00
8.031189202104505043e+00
8.031189202104505043e+00
8.031189202104505043e+00
8.031189202104505043e+00
8.031189202104505043e+00
8.031189202104505043e+00
8.031189202104505043e+00
8.031189202104505043e+00
8.031189202104505043e+00
8.031189202104505043e+00
8.031189202104505043e+00
8.031189202104505043e+00
8.031189202104505043e+00
8.031189202104505043e+00
8.031189202104505043e+00
8.031189202104505043e+00
8.031189202104505043e+00
8.031189202104505043e+00
8.031189202104505043e+00
8.031189202104505043e+00
8.031189202104505043e+00
8.031189202104505043e+00
8.031189202104505043e+00
8.093207028119323354e+00
8.093207028119323354e+00
8.093207028119323354e+00
8.093207028119323354e+00
8.093207028119323354e+00
8.093207028119323354e+00
8.093207028119323354e+00
8.093207028119323354e+00
8.093207028119323354e+00
8.093207028119323354e+00
8.093207028119323354e+00
8.093207028119323354e+00
8.093207028119323354e+00
8.093207028119323354e+00
8.093207028119323354e+00
8.093207028119323354e+00
8.154753215150044809e+00
8.154753215150044809e+00
8.154753215150044809e+00
8.154753215150044809e+00
8.154753215150044809e+00
8.154753215150044809e+00
8.154753215150044809e+00
8.154753215150044809e+00
8.154753215150044809e+00
8.154753215150044809e+00
8.154753215150044809e+00
8.154753215150044809e+00
8.154753215150044809e+00
8.154753215150044809e+00
8.154753215150044809e+00
8.154753215150044809e+00
8.154753215150044809e+00
8.154753215150044809e+00
8.154753215150044809e+00
8.154753215150044809e+00
8.154753215150044809e+00
8.154753215150044809e+00
8.154753215150044809e+00
8.154753215150044809e+00
8.154753215150044809e+00
8.154753215150044809e+00
8.154753215150044809e+00
8.154753215150044809e+00
8.154753215150044809e+00
8.154753215150044809e+00
8.154753215150044809e+00
8.154753215150044809e+00
8.154753215150044809e+00
8.154753215150044809e+00
8.154753215150044809e+00
8.154753215150044809e+00
8.154753215150044809e+00
8.154753215150044809e+00
8.154753215150044809e+00
8.154753215150044809e+00
8.154753215150044809e+00
8.154753215150044809e+00
8.154753215150044809e+00
8.154753215150044809e+00
8.154753215150044809e+00
8.154753215150044809e+00
8.154753215150044809e+00
8.154753215150044809e+00
8.154753215150044809e+00
8.154753215150044809e+00
8.154753215150044809e+00
8.154753215150044809e+00
8.154753215150044809e+00
8.154753215150044809e+00
8.154753215150044809e+00
8.154753215150044809e+00
8.215838362577491338e+00
8.215838362577491338e+00
8.215838362577491338e+00
8.215838362577491338e+00
8.215838362577491338e+00
8.215838362577491338e+00
8.215838362577491338e+00
8.215838362577491338e+00
8.215838362577491338e+00
8.215838362577491338e+00
8.215838362577491338e+00
8.215838362577491338e+00
8.215838362577491338e+00
8.215838362577491338e+00
8.215838362577491338e+00
8.215838362577491338e+00
8.215838362577491338e+00
8.215838362577491338e+00
8.215838362577491338e+00
8.215838362577491338e+00
8.215838362577491338e+00
8.215838362577491338e+00
8.215838362577491338e+00
8.215838362577491338e+00
8.215838362577491338e+00
8.215838362577491338e+00
8.215838362577491338e+00
8.215838362577491338e+00
8.215838362577491338e+00
8.215838362577491338e+00
8.215838362577491338e+00
8.215838362577491338e+00
8.215838362577491338e+00
8.215838362577491338e+00
8.215838362577491338e+00
8.215838362577491338e+00
8.215838362577491338e+00
8.215838362577491338e+00
8.215838362577491338e+00
8.215838362577491338e+00
8.215838362577491338e+00
8.215838362577491338e+00
8.215838362577491338e+00
8.215838362577491338e+00
8.215838362577491338e+00
8.215838362577491338e+00
8.215838362577491338e+00
8.215838362577491338e+00
8.215838362577491338e+00
8.215838362577491338e+00
8.215838362577491338e+00
8.215838362577491338e+00
8.215838362577491338e+00
8.215838362577491338e+00
8.215838362577491338e+00
8.215838362577491338e+00
8.276472678623424173e+00
8.276472678623424173e+00
8.276472678623424173e+00
8.276472678623424173e+00
8.276472678623424173e+00
8.276472678623424173e+00
8.276472678623424173e+00
8.276472678623424173e+00
8.276472678623424173e+00
8.276472678623424173e+00
8.276472678623424173e+00
8.276472678623424173e+00
8.276472678623424173e+00
8.276472678623424173e+00
8.276472678623424173e+00
8.276472678623424173e+00
8.276472678623424173e+00
8.276472678623424173e+00
8.276472678623424173e+00
8.276472678623424173e+00
8.276472678623424173e+00
8.276472678623424173e+00
8.276472678623424173e+00
8.276472678623424173e+00
8.276472678623424173e+00
8.276472678623424173e+00
8.276472678623424173e+00
8.276472678623424173e+00
8.276472678623424173e+00
8.276472678623424173e+00
8.276472678623424173e+00
8.276472678623424173e+00
8.276472678623424173e+00
8.276472678623424173e+00
8.276472678623424173e+00
8.276472678623424173e+00
8.336666000266532706e+00
8.336666000266532706e+00
8.336666000266532706e+00
8.336666000266532706e+00
8.336666000266532706e+00
8.336666000266532706e+00
8.336666000266532706e+00
8.336666000266532706e+00
8.336666000266532706e+00
8.336666000266532706e+00
8.336666000266532706e+00
8.336666000266532706e+00
8.336666000266532706e+00
8.336666000266532706e+00
8.336666000266532706e+00
8.336666000266532706e+00
8.336666000266532706e+00
8.336666000266532706e+00
8.336666000266532706e+00
8.336666000266532706e+00
8.336666000266532706e+00
8.336666000266532706e+00
8.336666000266532706e+00
8.336666000266532706e+00
8.336666000266532706e+00
8.336666000266532706e+00
8.336666000266532706e+00
8.336666000266532706e+00
8.336666000266532706e+00
8.336666000266532706e+00
8.336666000266532706e+00
8.336666000266532706e+00
8.336666000266532706e+00
8.336666000266532706e+00
8.336666000266532706e+00
8.336666000266532706e+00
8.336666000266532706e+00
8.336666000266532706e+00
8.336666000266532706e+00
8.336666000266532706e+00
8.336666000266532706e+00
8.336666000266532706e+00
8.336666000266532706e+00
8.336666000266532706e+00
8.336666000266532706e+00
8.336666000266532706e+00
8.336666000266532706e+00
8.336666000266532706e+00
8.396427811873332203e+00
8.396427811873332203e+00
8.396427811873332203e+00
8.396427811873332203e+00
8.396427811873332203e+00
8.396427811873332203e+00
8.396427811873332203e+00
8.396427811873332203e+00
8.396427811873332203e+00
8.396427811873332203e+00
8.396427811873332203e+00
8.396427811873332203e+00
8.396427811873332203e+00
8.396427811873332203e+00
8.396427811873332203e+00
8.396427811873332203e+00
8.455767262643881566e+00
8.455767262643881566e+00
8.455767262643881566e+00
8.455767262643881566e+00
8.455767262643881566e+00
8.455767262643881566e+00
8.455767262643881566e+00
8.455767262643881566e+00
8.455767262643881566e+00
8.455767262643881566e+00
8.455767262643881566e+00
8.455767262643881566e+00
8.455767262643881566e+00
8.455767262643881566e+00
8.455767262643881566e+00
8.455767262643881566e+00
8.455767262643881566e+00
8.455767262643881566e+00
8.455767262643881566e+00
8.455767262643881566e+00
8.455767262643881566e+00
8.455767262643881566e+00
8.455767262643881566e+00
8.455767262643881566e+00
8.455767262643881566e+00
8.455767262643881566e+00
8.455767262643881566e+00
8.455767262643881566e+00
8.455767262643881566e+00
8.455767262643881566e+00
8.455767262643881566e+00
8.455767262643881566e+00
8.455767262643881566e+00
8.455767262643881566e+00
8.455767262643881566e+00
8.455767262643881566e+00
8.455767262643881566e+00
8.455767262643881566e+00
8.455767262643881566e+00
8.455767262643881566e+00
8.514693182963201323e+00
8.514693182963201323e+00
8.514693182963201323e+00
8.514693182963201323e+00
8.514693182963201323e+00
8.514693182963201323e+00
8.514693182963201323e+00
8.514693182963201323e+00
8.514693182963201323e+00
8.514693182963201323e+00
8.514693182963201323e+00
8.514693182963201323e+00
8.514693182963201323e+00
8.514693182963201323e+00
8.514693182963201323e+00
8.514693182963201323e+00
8.514693182963201323e+00
8.514693182963201323e+00
8.514693182963201323e+00
8.514693182963201323e+00
8.514693182963201323e+00
8.514693182963201323e+00
8.514693182963201323e+00
8.514693182963201323e+00
8.514693182963201323e+00
8.514693182963201323e+00
8.514693182963201323e+00
8.514693182963201323e+00
8.514693182963201323e+00
8.514693182963201323e+00
8.514693182963201323e+00
8.514693182963201323e+00
8.514693182963201323e+00
8.514693182963201323e+00
8.514693182963201323e+00
8.514693182963201323e+00
8.514693182963201323e+00
8.514693182963201323e+00
8.514693182963201323e+00
8.514693182963201323e+00
8.573214099741123917e+00
8.573214099741123917e+00
8.573214099741123917e+00
8.573214099741123917e+00
8.573214099741123917e+00
8.573214099741123917e+00
8.573214099741123917e+00
8.573214099741123917e+00
8.573214099741123917e+00
8.573214099741123917e+00
8.573214099741123917e+00
8.573214099741123917e+00
8.573214099741123917e+00
8.573214099741123917e+00
8.573214099741123917e+00
8.573214099741123917e+00
8.573214099741123917e+00
8.573214099741123917e+00
8.573214099741123917e+00
8.573214099741123917e+00
8.573214099741123917e+00
8.573214099741123917e+00
8.573214099741123917e+00
8.573214099741123917e+00
8.573214099741123917e+00
8.573214099741123917e+00
8.573214099741123917e+00
8.573214099741123917e+00
8.573214099741123917e+00
8.573214099741123917e+00
8.573214099741123917e+00
8.573214099741123917e+00
8.573214099741123917e+00
8.573214099741123917e+00
8.573214099741123917e+00
8.573214099741123917e+00
8.573214099741123917e+00
8.573214099741123917e+00
8.573214099741123917e+00
8.573214099741123917e+00
8.631338250816034119e+00
8.631338250816034119e+00
8.631338250816034119e+00
8.631338250816034119e+00
8.631338250816034119e+00
8.631338250816034119e+00
8.631338250816034119e+00
8.631338250816034119e+00
8.689073598491383166e+00
8.689073598491383166e+00
8.689073598491383166e+00
8.689073598491383166e+00
8.689073598491383166e+00
8.689073598491383166e+00
8.689073598491383166e+00
8.689073598491383166e+00
8.689073598491383166e+00
8.689073598491383166e+00
8.689073598491383166e+00
8.689073598491383166e+00
8.689073598491383166e+00
8.689073598491383166e+00
8.689073598491383166e+00
8.689073598491383166e+00
8.689073598491383166e+00
8.689073598491383166e+00
8.689073598491383166e+00
8.689073598491383166e+00
8.689073598491383166e+00
8.689073598491383166e+00
8.689073598491383166e+00
8.689073598491383166e+00
8.689073598491383166e+00
8.689073598491383166e+00
8.689073598491383166e+00
8.689073598491383166e+00
8.689073598491383166e+00
8.689073598491383166e+00
8.689073598491383166e+00
8.689073598491383166e+00
8.746427842267950226e+00
8.746427842267950226e+00
8.746427842267950226e+00
8.746427842267950226e+00
8.746427842267950226e+00
8.746427842267950226e+00
8.746427842267950226e+00
8.746427842267950226e+00
8.746427842267950226e+00
8.746427842267950226e+00
8.746427842267950226e+00
8.746427842267950226e+00
8.746427842267950226e+00
8.746427842267950226e+00
8.746427842267950226e+00
8.746427842267950226e+00
8.746427842267950226e+00
8.746427842267950226e+00
8.746427842267950226e+00
8.746427842267950226e+00
8.746427842267950226e+00
8.746427842267950226e+00
8.746427842267950226e+00
8.746427842267950226e+00
8.746427842267950226e+00
8.746427842267950226e+00
8.746427842267950226e+00
8.746427842267950226e+00
8.746427842267950226e+00
8.746427842267950226e+00
8.746427842267950226e+00
8.746427842267950226e+00
8.746427842267950226e+00
8.746427842267950226e+00
8.746427842267950226e+00
8.746427842267950226e+00
8.803408430829504638e+00
8.803408430829504638e+00
8.803408430829504638e+00
8.803408430829504638e+00
8.803408430829504638e+00
8.803408430829504638e+00
8.803408430829504638e+00
8.803408430829504638e+00
8.803408430829504638e+00
8.803408430829504638e+00
8.803408430829504638e+00
8.803408430829504638e+00
8.803408430829504638e+00
8.803408430829504638e+00
8.803408430829504638e+00
8.803408430829504638e+00
8.860022573334674689e+00
8.860022573334674689e+00
8.860022573334674689e+00
8.860022573334674689e+00
8.860022573334674689e+00
8.860022573334674689e+00
8.860022573334674689e+00
8.860022573334674689e+00
8.860022573334674689e+00
8.860022573334674689e+00
8.860022573334674689e+00
8.860022573334674689e+00
8.860022573334674689e+00
8.860022573334674689e+00
8.860022573334674689e+00
8.860022573334674689e+00
8.860022573334674689e+00
8.860022573334674689e+00
8.860022573334674689e+00
8.860022573334674689e+00
8.860022573334674689e+00
8.860022573334674689e+00
8.860022573334674689e+00
8.860022573334674689e+00
8.860022573334674689e+00
8.860022573334674689e+00
8.860022573334674689e+00
8.860022573334674689e+00
8.860022573334674689e+00
8.860022573334674689e+00
8.860022573334674689e+00
8.860022573334674689e+00
8.860022573334674689e+00
8.860022573334674689e+00
8.860022573334674689e+00
8.860022573334674689e+00
8.860022573334674689e+00
8.860022573334674689e+00
8.860022573334674689e+00
8.860022573334674689e+00
8.860022573334674689e+00
8.860022573334674689e+00
8.860022573334674689e+00
8.860022573334674689e+00
8.860022573334674689e+00
8.860022573334674689e+00
8.860022573334674689e+00
8.860022573334674689e+00
8.860022573334674689e+00
8.860022573334674689e+00
8.860022573334674689e+00
8.860022573334674689e+00
8.860022573334674689e+00
8.860022573334674689e+00
8.860022573334674689e+00
8.860022573334674689e+00
8.916277250063503246e+00
8.916277250063503246e+00
8.916277250063503246e+00
8.916277250063503246e+00
8.916277250063503246e+00
8.916277250063503246e+00
8.916277250063503246e+00
8.916277250063503246e+00
8.916277250063503246e+00
8.916277250063503246e+00
8.916277250063503246e+00
8.916277250063503246e+00
8.916277250063503246e+00
8.916277250063503246e+00
8.916277250063503246e+00
8.916277250063503246e+00
8.916277250063503246e+00
8.916277250063503246e+00
8.916277250063503246e+00
8.916277250063503246e+00
8.916277250063503246e+00
8.916277250063503246e+00
8.916277250063503246e+00
8.916277250063503246e+00
8.916277250063503246e+00
8.916277250063503246e+00
8.916277250063503246e+00
8.916277250063503246e+00
8.916277250063503246e+00
8.916277250063503246e+00
8.916277250063503246e+00
8.916277250063503246e+00
8.972179222463180892e+00
8.972179222463180892e+00
8.972179222463180892e+00
8.972179222463180892e+00
8.972179222463180892e+00
8.972179222463180892e+00
8.972179222463180892e+00
8.972179222463180892e+00
8.972179222463180892e+00
8.972179222463180892e+00
8.972179222463180892e+00
8.972179222463180892e+00
8.972179222463180892e+00
8.972179222463180892e+00
8.972179222463180892e+00
8.972179222463180892e+00
8.972179222463180892e+00
8.972179222463180892e+00
8.972179222463180892e+00
8.972179222463180892e+00
8.972179222463180892e+00
8.972179222463180892e+00
8.972179222463180892e+00
8.972179222463180892e+00
9.027735042633894480e+00
9.027735042633894480e+00
9.027735042633894480e+00
9.027735042633894480e+00
9.027735042633894480e+00
9.027735042633894480e+00
9.027735042633894480e+00
9.027735042633894480e+00
9.027735042633894480e+00
9.027735042633894480e+00
9.027735042633894480e+00
9.027735042633894480e+00
9.027735042633894480e+00
9.027735042633894480e+00
9.027735042633894480e+00
9.027735042633894480e+00
9.027735042633894480e+00
9.027735042633894480e+00
9.027735042633894480e+00
9.027735042633894480e+00
9.027735042633894480e+00
9.027735042633894480e+00
9.027735042633894480e+00
9.027735042633894480e+00
9.027735042633894480e+00
9.027735042633894480e+00
9.027735042633894480e+00
9.027735042633894480e+00
9.027735042633894480e+00
9.027735042633894480e+00
9.027735042633894480e+00
9.027735042633894480e+00
9.027735042633894480e+00
9.027735042633894480e+00
9.027735042633894480e+00
9.027735042633894480e+00
9.027735042633894480e+00
9.027735042633894480e+00
9.027735042633894480e+00
9.027735042633894480e+00
9.027735042633894480e+00
9.027735042633894480e+00
9.027735042633894480e+00
9.027735042633894480e+00
9.027735042633894480e+00
9.027735042633894480e+00
9.027735042633894480e+00
9.027735042633894480e+00
9.027735042633894480e+00
9.027735042633894480e+00
9.027735042633894480e+00
9.027735042633894480e+00
9.027735042633894480e+00
9.027735042633894480e+00
9.027735042633894480e+00
9.027735042633894480e+00
9.137833441248533362e+00
9.137833441248533362e+00
9.137833441248533362e+00
9.137833441248533362e+00
9.137833441248533362e+00
9.137833441248533362e+00
9.137833441248533362e+00
9.137833441248533362e+00
9.192388155425117446e+00
9.192388155425117446e+00
9.192388155425117446e+00
9.192388155425117446e+00
9.192388155425117446e+00
9.192388155425117446e+00
9.192388155425117446e+00
9.192388155425117446e+00
9.192388155425117446e+00
9.192388155425117446e+00
9.192388155425117446e+00
9.192388155425117446e+00
9.192388155425117446e+00
9.192388155425117446e+00
9.192388155425117446e+00
9.192388155425117446e+00
9.192388155425117446e+00
9.192388155425117446e+00
9.192388155425117446e+00
9.192388155425117446e+00
9.192388155425117446e+00
9.192388155425117446e+00
9.192388155425117446e+00
9.192388155425117446e+00
9.192388155425117446e+00
9.192388155425117446e+00
9.192388155425117446e+00
9.192388155425117446e+00
9.246621004453464465e+00
9.246621004453464465e+00
9.246621004453464465e+00
9.246621004453464465e+00
9.246621004453464465e+00
9.246621004453464465e+00
9.246621004453464465e+00
9.246621004453464465e+00
9.246621004453464465e+00
9.246621004453464465e+00
9.246621004453464465e+00
9.246621004453464465e+00
9.246621004453464465e+00
9.246621004453464465e+00
9.246621004453464465e+00
9.246621004453464465e+00
9.246621004453464465e+00
9.246621004453464465e+00
9.246621004453464465e+00
9.246621004453464465e+00
9.246621004453464465e+00
9.246621004453464465e+00
9.246621004453464465e+00
9.246621004453464465e+00
9.246621004453464465e+00
9.246621004453464465e+00
9.246621004453464465e+00
9.246621004453464465e+00
9.246621004453464465e+00
9.246621004453464465e+00
9.246621004453464465e+00
9.246621004453464465e+00
9.246621004453464465e+00
9.246621004453464465e+00
9.246621004453464465e+00
9.246621004453464465e+00
9.246621004453464465e+00
9.246621004453464465e+00
9.246621004453464465e+00
9.246621004453464465e+00
9.300537618869137546e+00
9.300537618869137546e+00
9.300537618869137546e+00
9.300537618869137546e+00
9.300537618869137546e+00
9.300537618869137546e+00
9.300537618869137546e+00
9.300537618869137546e+00
9.300537618869137546e+00
9.300537618869137546e+00
9.300537618869137546e+00
9.300537618869137546e+00
9.300537618869137546e+00
9.300537618869137546e+00
9.300537618869137546e+00
9.300537618869137546e+00
9.300537618869137546e+00
9.300537618869137546e+00
9.300537618869137546e+00
9.300537618869137546e+00
9.354143466934853990e+00
9.354143466934853990e+00
9.354143466934853990e+00
9.354143466934853990e+00
9.354143466934853990e+00
9.354143466934853990e+00
9.354143466934853990e+00
9.354143466934853990e+00
9.354143466934853990e+00
9.354143466934853990e+00
9.354143466934853990e+00
9.354143466934853990e+00
9.354143466934853990e+00
9.354143466934853990e+00
9.354143466934853990e+00
9.354143466934853990e+00
9.354143466934853990e+00
9.354143466934853990e+00
9.354143466934853990e+00
9.354143466934853990e+00
9.354143466934853990e+00
9.354143466934853990e+00
9.354143466934853990e+00
9.354143466934853990e+00
9.354143466934853990e+00
9.354143466934853990e+00
9.354143466934853990e+00
9.354143466934853990e+00
9.354143466934853990e+00
9.354143466934853990e+00
9.354143466934853990e+00
9.354143466934853990e+00
9.407443861113389261e+00
9.407443861113389261e+00
9.407443861113389261e+00
9.407443861113389261e+00
9.407443861113389261e+00
9.407443861113389261e+00
9.407443861113389261e+00
9.407443861113389261e+00
9.407443861113389261e+00
9.407443861113389261e+00
9.407443861113389261e+00
9.407443861113389261e+00
9.407443861113389261e+00
9.407443861113389261e+00
9.407443861113389261e+00
9.407443861113389261e+00
9.407443861113389261e+00
9.407443861113389261e+00
9.407443861113389261e+00
9.407443861113389261e+00
9.407443861113389261e+00
9.407443861113389261e+00
9.407443861113389261e+00
9.407443861113389261e+00
9.460443964212251089e+00
9.460443964212251089e+00
9.460443964212251089e+00
9.460443964212251089e+00
9.460443964212251089e+00
9.460443964212251089e+00
9.460443964212251089e+00
9.460443964212251089e+00
9.513148795220223164e+00
9.513148795220223164e+00
9.513148795220223164e+00
9.513148795220223164e+00
9.513148795220223164e+00
9.513148795220223164e+00
9.513148795220223164e+00
9.513148795220223164e+00
9.513148795220223164e+00
9.513148795220223164e+00
9.513148795220223164e+00
9.513148795220223164e+00
9.513148795220223164e+00
9.513148795220223164e+00
9.513148795220223164e+00
9.513148795220223164e+00
9.513148795220223164e+00
9.513148795220223164e+00
9.513148795220223164e+00
9.513148795220223164e+00
9.513148795220223164e+00
9.513148795220223164e+00
9.513148795220223164e+00
9.513148795220223164e+00
9.565563234854495889e+00
9.565563234854495889e+00
9.565563234854495889e+00
9.565563234854495889e+00
9.565563234854495889e+00
9.565563234854495889e+00
9.565563234854495889e+00
9.565563234854495889e+00
9.565563234854495889e+00
9.565563234854495889e+00
9.565563234854495889e+00
9.565563234854495889e+00
9.565563234854495889e+00
9.565563234854495889e+00
9.565563234854495889e+00
9.565563234854495889e+00
9.565563234854495889e+00
9.565563234854495889e+00
9.565563234854495889e+00
9.565563234854495889e+00
9.565563234854495889e+00
9.565563234854495889e+00
9.565563234854495889e+00
9.565563234854495889e+00
9.565563234854495889e+00
9.565563234854495889e+00
9.565563234854495889e+00
9.565563234854495889e+00
9.565563234854495889e+00
9.565563234854495889e+00
9.565563234854495889e+00
9.565563234854495889e+00
9.617692030835671702e+00
9.617692030835671702e+00
9.617692030835671702e+00
9.617692030835671702e+00
9.617692030835671702e+00
9.617692030835671702e+00
9.617692030835671702e+00
9.617692030835671702e+00
9.617692030835671702e+00
9.617692030835671702e+00
9.617692030835671702e+00
9.617692030835671702e+00
9.617692030835671702e+00
9.617692030835671702e+00
9.617692030835671702e+00
9.617692030835671702e+00
9.669539802906857773e+00
9.669539802906857773e+00
9.669539802906857773e+00
9.669539802906857773e+00
9.669539802906857773e+00
9.669539802906857773e+00
9.669539802906857773e+00
9.669539802906857773e+00
9.669539802906857773e+00
9.669539802906857773e+00
9.669539802906857773e+00
9.669539802906857773e+00
9.669539802906857773e+00
9.669539802906857773e+00
9.669539802906857773e+00
9.669539802906857773e+00
9.669539802906857773e+00
9.669539802906857773e+00
9.669539802906857773e+00
9.669539802906857773e+00
9.669539802906857773e+00
9.669539802906857773e+00
9.669539802906857773e+00
9.669539802906857773e+00
9.669539802906857773e+00
9.669539802906857773e+00
9.669539802906857773e+00
9.669539802906857773e+00
9.669539802906857773e+00
9.669539802906857773e+00
9.669539802906857773e+00
9.669539802906857773e+00
9.721111047611790568e+00
9.721111047611790568e+00
9.721111047611790568e+00
9.721111047611790568e+00
9.721111047611790568e+00
9.721111047611790568e+00
9.721111047611790568e+00
9.721111047611790568e+00
9.772410142846032599e+00
9.772410142846032599e+00
9.772410142846032599e+00
9.772410142846032599e+00
9.772410142846032599e+00
9.772410142846032599e+00
9.772410142846032599e+00
9.772410142846032599e+00
9.823441352194249632e+00
9.823441352194249632e+00
9.823441352194249632e+00
9.823441352194249632e+00
9.823441352194249632e+00
9.823441352194249632e+00
9.823441352194249632e+00
9.823441352194249632e+00
9.874208829065748816e+00
9.874208829065748816e+00
9.874208829065748816e+00
9.874208829065748816e+00
9.874208829065748816e+00
9.874208829065748816e+00
9.874208829065748816e+00
9.874208829065748816e+00
9.874208829065748816e+00
9.874208829065748816e+00
9.874208829065748816e+00
9.874208829065748816e+00
9.874208829065748816e+00
9.874208829065748816e+00
9.874208829065748816e+00
9.874208829065748816e+00
9.874208829065748816e+00
9.874208829065748816e+00
9.874208829065748816e+00
9.874208829065748816e+00
9.874208829065748816e+00
9.874208829065748816e+00
9.874208829065748816e+00
9.874208829065748816e+00
9.874208829065748816e+00
9.874208829065748816e+00
9.874208829065748816e+00
9.874208829065748816e+00
9.874208829065748816e+00
9.874208829065748816e+00
9.874208829065748816e+00
9.874208829065748816e+00
9.924716620639603804e+00
9.924716620639603804e+00
9.924716620639603804e+00
9.924716620639603804e+00
9.924716620639603804e+00
9.924716620639603804e+00
9.924716620639603804e+00
9.924716620639603804e+00
9.924716620639603804e+00
9.924716620639603804e+00
9.924716620639603804e+00
9.924716620639603804e+00
9.924716620639603804e+00
9.924716620639603804e+00
9.924716620639603804e+00
9.924716620639603804e+00
9.924716620639603804e+00
9.924716620639603804e+00
9.924716620639603804e+00
9.924716620639603804e+00
9.924716620639603804e+00
9.924716620639603804e+00
9.924716620639603804e+00
9.924716620639603804e+00
9.924716620639603804e+00
9.924716620639603804e+00
9.924716620639603804e+00
9.924716620639603804e+00
9.974968671630001893e+00
9.974968671630001893e+00
9.974968671630001893e+00
9.974968671630001893e+00
9.974968671630001893e+00
9.974968671630001893e+00
9.974968671630001893e+00
9.974968671630001893e+00
9.974968671630001893e+00
9.974968671630001893e+00
9.974968671630001893e+00
9.974968671630001893e+00
9.974968671630001893e+00
9.974968671630001893e+00
9.974968671630001893e+00
9.974968671630001893e+00
9.974968671630001893e+00
9.974968671630001893e+00
9.974968671630001893e+00
9.974968671630001893e+00
9.974968671630001893e+00
9.974968671630001893e+00
9.974968671630001893e+00
9.974968671630001893e+00
1.002496882788171106e+01
1.002496882788171106e+01
1.002496882788171106e+01
1.002496882788171106e+01
1.002496882788171106e+01
1.002496882788171106e+01
1.002496882788171106e+01
1.002496882788171106e+01
1.007472083980494304e+01
1.007472083980494304e+01
1.007472083980494304e+01
1.007472083980494304e+01
1.007472083980494304e+01
1.007472083980494304e+01
1.007472083980494304e+01
1.007472083980494304e+01
1.012422836565829343e+01
1.012422836565829343e+01
1.012422836565829343e+01
1.012422836565829343e+01
1.012422836565829343e+01
1.012422836565829343e+01
1.012422836565829343e+01
1.012422836565829343e+01
1.012422836565829343e+01
1.012422836565829343e+01
1.012422836565829343e+01
1.012422836565829343e+01
1.012422836565829343e+01
1.012422836565829343e+01
1.012422836565829343e+01
1.012422836565829343e+01
1.017349497468790176e+01
1.017349497468790176e+01
1.017349497468790176e+01
1.017349497468790176e+01
1.017349497468790176e+01
1.017349497468790176e+01
1.017349497468790176e+01
1.017349497468790176e+01
1.017349497468790176e+01
1.017349497468790176e+01
1.017349497468790176e+01
1.017349497468790176e+01
1.017349497468790176e+01
1.017349497468790176e+01
1.017349497468790176e+01
1.017349497468790176e+01
1.022252415013043603e+01
1.022252415013043603e+01
1.022252415013043603e+01
1.022252415013043603e+01
1.022252415013043603e+01
1.022252415013043603e+01
1.022252415013043603e+01
1.022252415013043603e+01
1.027131929208706929e+01
1.027131929208706929e+01
1.027131929208706929e+01
1.027131929208706929e+01
1.027131929208706929e+01
1.027131929208706929e+01
1.027131929208706929e+01
1.027131929208706929e+01
1.036822067666386005e+01
1.036822067666386005e+01
1.036822067666386005e+01
1.036822067666386005e+01
1.036822067666386005e+01
1.036822067666386005e+01
1.036822067666386005e+01
1.036822067666386005e+01
1.036822067666386005e+01
1.036822067666386005e+01
1.036822067666386005e+01
1.036822067666386005e+01
1.036822067666386005e+01
1.036822067666386005e+01
1.036822067666386005e+01
1.036822067666386005e+01
1.041633332799982981e+01
1.041633332799982981e+01
1.041633332799982981e+01
1.041633332799982981e+01
1.041633332799982981e+01
1.041633332799982981e+01
1.041633332799982981e+01
1.041633332799982981e+01
1.041633332799982981e+01
1.041633332799982981e+01
1.041633332799982981e+01
1.041633332799982981e+01
1.041633332799982981e+01
1.041633332799982981e+01
1.041633332799982981e+01
1.041633332799982981e+01
1.046422476822817416e+01
1.046422476822817416e+01
1.046422476822817416e+01
1.046422476822817416e+01
1.046422476822817416e+01
1.046422476822817416e+01
1.046422476822817416e+01
1.046422476822817416e+01
1.046422476822817416e+01
1.046422476822817416e+01
1.046422476822817416e+01
1.046422476822817416e+01
1.046422476822817416e+01
1.046422476822817416e+01
1.046422476822817416e+01
1.046422476822817416e+01
1.055935604097143710e+01
1.055935604097143710e+01
1.055935604097143710e+01
1.055935604097143710e+01
1.055935604097143710e+01
1.055935604097143710e+01
1.055935604097143710e+01
1.055935604097143710e+01
1.055935604097143710e+01
1.055935604097143710e+01
1.055935604097143710e+01
1.055935604097143710e+01
1.055935604097143710e+01
1.055935604097143710e+01
1.055935604097143710e+01
1.055935604097143710e+01
1.055935604097143710e+01
1.055935604097143710e+01
1.055935604097143710e+01
1.055935604097143710e+01
1.055935604097143710e+01
1.055935604097143710e+01
1.055935604097143710e+01
1.055935604097143710e+01
1.055935604097143710e+01
1.055935604097143710e+01
1.055935604097143710e+01
1.055935604097143710e+01
1.055935604097143710e+01
1.055935604097143710e+01
1.055935604097143710e+01
1.055935604097143710e+01
1.060660171779821326e+01
1.060660171779821326e+01
1.060660171779821326e+01
1.060660171779821326e+01
1.060660171779821326e+01
1.060660171779821326e+01
1.060660171779821326e+01
1.060660171779821326e+01
1.060660171779821326e+01
1.065363787633125803e+01
1.065363787633125803e+01
1.070046727951634757e+01
1.070046727951634757e+01
1.070046727951634757e+01
1.070046727951634757e+01
1.070046727951634757e+01
1.070046727951634757e+01
1.070046727951634757e+01
1.070046727951634757e+01
1.079351657246145102e+01
1.079351657246145102e+01
1.083974169433940027e+01
1.083974169433940027e+01
1.083974169433940027e+01
1.083974169433940027e+01
1.083974169433940027e+01
1.083974169433940027e+01
1.083974169433940027e+01
1.083974169433940027e+01
1.097724920005007476e+01
1.097724920005007476e+01
1.097724920005007476e+01
1.097724920005007476e+01
1.097724920005007476e+01
1.097724920005007476e+01
1.097724920005007476e+01
1.097724920005007476e+01
1.102270384252430091e+01
1.102270384252430091e+01
1.102270384252430091e+01
1.102270384252430091e+01
1.102270384252430091e+01
1.102270384252430091e+01
1.102270384252430091e+01
1.102270384252430091e+01
1.102270384252430091e+01
1.102270384252430091e+01
1.102270384252430091e+01
1.102270384252430091e+01
1.102270384252430091e+01
1.102270384252430091e+01
1.102270384252430091e+01
1.102270384252430091e+01
1.102270384252430091e+01
1.102270384252430091e+01
1.106797181058932722e+01
1.106797181058932722e+01
1.106797181058932722e+01
1.106797181058932722e+01
1.106797181058932722e+01
1.106797181058932722e+01
1.106797181058932722e+01
1.106797181058932722e+01
1.111305538544643490e+01
1.111305538544643490e+01
1.111305538544643490e+01
1.111305538544643490e+01
1.111305538544643490e+01
1.111305538544643490e+01
1.111305538544643490e+01
1.111305538544643490e+01
1.120267825120403948e+01
1.120267825120403948e+01
1.120267825120403948e+01
1.120267825120403948e+01
1.120267825120403948e+01
1.120267825120403948e+01
1.120267825120403948e+01
1.120267825120403948e+01
1.133578404875463441e+01
1.133578404875463441e+01
1.155422000829134355e+01
1.155422000829134355e+01
1.155422000829134355e+01
1.155422000829134355e+01
1.155422000829134355e+01
1.155422000829134355e+01
1.155422000829134355e+01
1.155422000829134355e+01
1.159741350474320143e+01
1.159741350474320143e+01
1.159741350474320143e+01
1.159741350474320143e+01
1.159741350474320143e+01
1.159741350474320143e+01
1.159741350474320143e+01
1.159741350474320143e+01
1.164044672682281600e+01
1.164044672682281600e+01
1.164044672682281600e+01
1.164044672682281600e+01
1.164044672682281600e+01
1.164044672682281600e+01
1.164044672682281600e+01
1.164044672682281600e+01
1.172603939955857477e+01
1.172603939955857477e+01
1.214495780149111859e+01
1.214495780149111859e+01
1.214495780149111859e+01
1.214495780149111859e+01
1.214495780149111859e+01
1.214495780149111859e+01
1.214495780149111859e+01
1.214495780149111859e+01
1.218605760695394125e+01
1.218605760695394125e+01
1.270826502713883421e+01
1.270826502713883421e+01
