5.000000000000000000e-01
5.000000000000000000e-01
1.118033988749894903e+00
1.118033988749894903e+00
1.118033988749894903e+00
1.118033988749894903e+00
1.118033988749894903e+00
1.118033988749894903e+00
1.118033988749894903e+00
1.118033988749894903e+00
1.500000000000000000e+00
1.500000000000000000e+00
1.500000000000000000e+00
1.500000000000000000e+00
1.500000000000000000e+00
1.500000000000000000e+00
1.500000000000000000e+00
1.500000000000000000e+00
1.500000000000000000e+00
1.500000000000000000e+00
1.802775637731994562e+00
1.802775637731994562e+00
1.802775637731994562e+00
1.802775637731994562e+00
1.802775637731994562e+00
1.802775637731994562e+00
1.802775637731994562e+00
1.802775637731994562e+00
2.061552812808830293e+00
2.061552812808830293e+00
2.061552812808830293e+00
2.061552812808830293e+00
2.061552812808830293e+00
2.061552812808830293e+00
2.061552812808830293e+00
2.061552812808830293e+00
2.061552812808830293e+00
2.061552812808830293e+00
2.061552812808830293e+00
2.061552812808830293e+00
2.061552812808830293e+00
2.061552812808830293e+00
2.061552812808830293e+00
2.061552812808830293e+00
2.291287847477919914e+00
2.291287847477919914e+00
2.291287847477919914e+00
2.291287847477919914e+00
2.291287847477919914e+00
2.291287847477919914e+00
2.291287847477919914e+00
2.291287847477919914e+00
2.291287847477919914e+00
2.291287847477919914e+00
2.291287847477919914e+00
2.291287847477919914e+00
2.291287847477919914e+00
2.291287847477919914e+00
2.291287847477919914e+00
2.291287847477919914e+00
2.500000000000000000e+00
2.500000000000000000e+00
2.500000000000000000e+00
2.500000000000000000e+00
2.500000000000000000e+00
2.500000000000000000e+00
2.500000000000000000e+00
2.500000000000000000e+00
2.500000000000000000e+00
2.500000000000000000e+00
2.692582403567251870e+00
2.692582403567251870e+00
2.692582403567251870e+00
2.692582403567251870e+00
2.692582403567251870e+00
2.692582403567251870e+00
2.692582403567251870e+00
2.692582403567251870e+00
2.692582403567251870e+00
2.692582403567251870e+00
2.692582403567251870e+00
2.692582403567251870e+00
2.692582403567251870e+00
2.692582403567251870e+00
2.692582403567251870e+00
2.692582403567251870e+00
2.692582403567251870e+00
2.692582403567251870e+00
2.692582403567251870e+00
2.692582403567251870e+00
2.692582403567251870e+00
2.692582403567251870e+00
2.692582403567251870e+00
2.692582403567251870e+00
2.872281323269014308e+00
2.872281323269014308e+00
2.872281323269014308e+00
2.872281323269014308e+00
2.872281323269014308e+00
2.872281323269014308e+00
2.872281323269014308e+00
2.872281323269014308e+00
2.872281323269014308e+00
2.872281323269014308e+00
2.872281323269014308e+00
2.872281323269014308e+00
2.872281323269014308e+00
2.872281323269014308e+00
2.872281323269014308e+00
2.872281323269014308e+00
3.041381265149109669e+00
3.041381265149109669e+00
3.041381265149109669e+00
3.041381265149109669e+00
3.041381265149109669e+00
3.041381265149109669e+00
3.041381265149109669e+00
3.041381265149109669e+00
3.201562118716424266e+00
3.201562118716424266e+00
3.201562118716424266e+00
3.201562118716424266e+00
3.201562118716424266e+00
3.201562118716424266e+00
3.201562118716424266e+00
3.201562118716424266e+00
3.201562118716424266e+00
3.201562118716424266e+00
3.201562118716424266e+00
3.201562118716424266e+00
3.201562118716424266e+00
3.201562118716424266e+00
3.201562118716424266e+00
3.201562118716424266e+00
3.201562118716424266e+00
3.201562118716424266e+00
3.201562118716424266e+00
3.201562118716424266e+00
3.201562118716424266e+00
3.201562118716424266e+00
3.201562118716424266e+00
3.201562118716424266e+00
3.201562118716424266e+00
3.201562118716424266e+00
3.201562118716424266e+00
3.201562118716424266e+00
3.201562118716424266e+00
3.201562118716424266e+00
3.201562118716424266e+00
3.201562118716424266e+00
3.354101966249684708e+00
3.354101966249684708e+00
3.354101966249684708e+00
3.354101966249684708e+00
3.354101966249684708e+00
3.354101966249684708e+00
3.354101966249684708e+00
3.354101966249684708e+00
3.354101966249684708e+00
3.354101966249684708e+00
3.354101966249684708e+00
3.354101966249684708e+00
3.354101966249684708e+00
3.354101966249684708e+00
3.354101966249684708e+00
3.354101966249684708e+00
3.354101966249684708e+00
3.354101966249684708e+00
3.354101966249684708e+00
3.354101966249684708e+00
3.354101966249684708e+00
3.354101966249684708e+00
3.354101966249684708e+00
3.354101966249684708e+00
3.500000000000000000e+00
3.500000000000000000e+00
3.500000000000000000e+00
3.500000000000000000e+00
3.500000000000000000e+00
3.500000000000000000e+00
3.500000000000000000e+00
3.500000000000000000e+00
3.500000000000000000e+00
3.500000000000000000e+00
3.500000000000000000e+00
3.500000000000000000e+00
3.500000000000000000e+00
3.500000000000000000e+00
3.500000000000000000e+00
3.500000000000000000e+00
3.500000000000000000e+00
3.500000000000000000e+00
3.640054944640259027e+00
3.640054944640259027e+00
3.640054944640259027e+00
3.640054944640259027e+00
3.640054944640259027e+00
3.640054944640259027e+00
3.640054944640259027e+00
3.640054944640259027e+00
3.640054944640259027e+00
3.640054944640259027e+00
3.640054944640259027e+00
3.640054944640259027e+00
3.640054944640259027e+00
3.640054944640259027e+00
3.640054944640259027e+00
3.640054944640259027e+00
3.640054944640259027e+00
3.640054944640259027e+00
3.640054944640259027e+00
3.640054944640259027e+00
3.640054944640259027e+00
3.640054944640259027e+00
3.640054944640259027e+00
3.640054944640259027e+00
3.774917217635374911e+00
3.774917217635374911e+00
3.774917217635374911e+00
3.774917217635374911e+00
3.774917217635374911e+00
3.774917217635374911e+00
3.774917217635374911e+00
3.774917217635374911e+00
3.774917217635374911e+00
3.774917217635374911e+00
3.774917217635374911e+00
3.774917217635374911e+00
3.774917217635374911e+00
3.774917217635374911e+00
3.774917217635374911e+00
3.774917217635374911e+00
3.905124837953326988e+00
3.905124837953326988e+00
3.905124837953326988e+00
3.905124837953326988e+00
3.905124837953326988e+00
3.905124837953326988e+00
3.905124837953326988e+00
3.905124837953326988e+00
3.905124837953326988e+00
3.905124837953326988e+00
3.905124837953326988e+00
3.905124837953326988e+00
3.905124837953326988e+00
3.905124837953326988e+00
3.905124837953326988e+00
3.905124837953326988e+00
3.905124837953326988e+00
3.905124837953326988e+00
3.905124837953326988e+00
3.905124837953326988e+00
3.905124837953326988e+00
3.905124837953326988e+00
3.905124837953326988e+00
3.905124837953326988e+00
4.031128874149274566e+00
4.031128874149274566e+00
4.031128874149274566e+00
4.031128874149274566e+00
4.031128874149274566e+00
4.031128874149274566e+00
4.031128874149274566e+00
4.031128874149274566e+00
4.031128874149274566e+00
4.031128874149274566e+00
4.031128874149274566e+00
4.031128874149274566e+00
4.031128874149274566e+00
4.031128874149274566e+00
4.031128874149274566e+00
4.031128874149274566e+00
4.031128874149274566e+00
4.031128874149274566e+00
4.031128874149274566e+00
4.031128874149274566e+00
4.031128874149274566e+00
4.031128874149274566e+00
4.031128874149274566e+00
4.031128874149274566e+00
4.031128874149274566e+00
4.031128874149274566e+00
4.031128874149274566e+00
4.031128874149274566e+00
4.031128874149274566e+00
4.031128874149274566e+00
4.031128874149274566e+00
4.031128874149274566e+00
4.153311931459037432e+00
4.153311931459037432e+00
4.153311931459037432e+00
4.153311931459037432e+00
4.153311931459037432e+00
4.153311931459037432e+00
4.153311931459037432e+00
4.153311931459037432e+00
4.153311931459037432e+00
4.153311931459037432e+00
4.153311931459037432e+00
4.153311931459037432e+00
4.153311931459037432e+00
4.153311931459037432e+00
4.153311931459037432e+00
4.153311931459037432e+00
4.153311931459037432e+00
4.153311931459037432e+00
4.153311931459037432e+00
4.153311931459037432e+00
4.153311931459037432e+00
4.153311931459037432e+00
4.153311931459037432e+00
4.153311931459037432e+00
4.153311931459037432e+00
4.153311931459037432e+00
4.153311931459037432e+00
4.153311931459037432e+00
4.153311931459037432e+00
4.153311931459037432e+00
4.153311931459037432e+00
4.153311931459037432e+00
4.272001872658765187e+00
4.272001872658765187e+00
4.272001872658765187e+00
4.272001872658765187e+00
4.272001872658765187e+00
4.272001872658765187e+00
4.272001872658765187e+00
4.272001872658765187e+00
4.272001872658765187e+00
4.272001872658765187e+00
4.272001872658765187e+00
4.272001872658765187e+00
4.272001872658765187e+00
4.272001872658765187e+00
4.272001872658765187e+00
4.272001872658765187e+00
4.387482193696061294e+00
4.387482193696061294e+00
4.387482193696061294e+00
4.387482193696061294e+00
4.387482193696061294e+00
4.387482193696061294e+00
4.387482193696061294e+00
4.387482193696061294e+00
4.387482193696061294e+00
4.387482193696061294e+00
4.387482193696061294e+00
4.387482193696061294e+00
4.387482193696061294e+00
4.387482193696061294e+00
4.387482193696061294e+00
4.387482193696061294e+00
4.387482193696061294e+00
4.387482193696061294e+00
4.387482193696061294e+00
4.387482193696061294e+00
4.387482193696061294e+00
4.387482193696061294e+00
4.387482193696061294e+00
4.387482193696061294e+00
4.387482193696061294e+00
4.387482193696061294e+00
4.387482193696061294e+00
4.387482193696061294e+00
4.387482193696061294e+00
4.387482193696061294e+00
4.387482193696061294e+00
4.387482193696061294e+00
4.500000000000000000e+00
4.500000000000000000e+00
4.500000000000000000e+00
4.500000000000000000e+00
4.500000000000000000e+00
4.500000000000000000e+00
4.500000000000000000e+00
4.500000000000000000e+00
4.500000000000000000e+00
4.500000000000000000e+00
4.500000000000000000e+00
4.500000000000000000e+00
4.500000000000000000e+00
4.500000000000000000e+00
4.500000000000000000e+00
4.500000000000000000e+00
4.500000000000000000e+00
4.500000000000000000e+00
4.500000000000000000e+00
4.500000000000000000e+00
4.500000000000000000e+00
4.500000000000000000e+00
4.500000000000000000e+00
4.500000000000000000e+00
4.500000000000000000e+00
4.500000000000000000e+00
4.500000000000000000e+00
4.500000000000000000e+00
4.500000000000000000e+00
4.500000000000000000e+00
4.500000000000000000e+00
4.500000000000000000e+00
4.500000000000000000e+00
4.500000000000000000e+00
4.609772228646443537e+00
4.609772228646443537e+00
4.609772228646443537e+00
4.609772228646443537e+00
4.609772228646443537e+00
4.609772228646443537e+00
4.609772228646443537e+00
4.609772228646443537e+00
4.609772228646443537e+00
4.609772228646443537e+00
4.609772228646443537e+00
4.609772228646443537e+00
4.609772228646443537e+00
4.609772228646443537e+00
4.609772228646443537e+00
4.609772228646443537e+00
4.716990566028301579e+00
4.716990566028301579e+00
4.716990566028301579e+00
4.716990566028301579e+00
4.716990566028301579e+00
4.716990566028301579e+00
4.716990566028301579e+00
4.716990566028301579e+00
4.716990566028301579e+00
4.716990566028301579e+00
4.716990566028301579e+00
4.716990566028301579e+00
4.716990566028301579e+00
4.716990566028301579e+00
4.716990566028301579e+00
4.716990566028301579e+00
4.716990566028301579e+00
4.716990566028301579e+00
4.716990566028301579e+00
4.716990566028301579e+00
4.716990566028301579e+00
4.716990566028301579e+00
4.716990566028301579e+00
4.716990566028301579e+00
4.716990566028301579e+00
4.716990566028301579e+00
4.716990566028301579e+00
4.716990566028301579e+00
4.716990566028301579e+00
4.716990566028301579e+00
4.716990566028301579e+00
4.716990566028301579e+00
4.716990566028301579e+00
4.716990566028301579e+00
4.716990566028301579e+00
4.716990566028301579e+00
4.716990566028301579e+00
4.716990566028301579e+00
4.716990566028301579e+00
4.716990566028301579e+00
4.716990566028301579e+00
4.716990566028301579e+00
4.716990566028301579e+00
4.716990566028301579e+00
4.716990566028301579e+00
4.716990566028301579e+00
4.716990566028301579e+00
4.716990566028301579e+00
4.821825380496477464e+00
4.821825380496477464e+00
4.821825380496477464e+00
4.821825380496477464e+00
4.821825380496477464e+00
4.821825380496477464e+00
4.821825380496477464e+00
4.821825380496477464e+00
4.821825380496477464e+00
4.821825380496477464e+00
4.821825380496477464e+00
4.821825380496477464e+00
4.821825380496477464e+00
4.821825380496477464e+00
4.821825380496477464e+00
4.821825380496477464e+00
4.924428900898051964e+00
4.924428900898051964e+00
4.924428900898051964e+00
4.924428900898051964e+00
4.924428900898051964e+00
4.924428900898051964e+00
4.924428900898051964e+00
4.924428900898051964e+00
4.924428900898051964e+00
4.924428900898051964e+00
4.924428900898051964e+00
4.924428900898051964e+00
4.924428900898051964e+00
4.924428900898051964e+00
4.924428900898051964e+00
4.924428900898051964e+00
5.024937810560444973e+00
5.024937810560444973e+00
5.024937810560444973e+00
5.024937810560444973e+00
5.024937810560444973e+00
5.024937810560444973e+00
5.024937810560444973e+00
5.024937810560444973e+00
5.024937810560444973e+00
5.024937810560444973e+00
5.024937810560444973e+00
5.024937810560444973e+00
5.024937810560444973e+00
5.024937810560444973e+00
5.024937810560444973e+00
5.024937810560444973e+00
5.024937810560444973e+00
5.024937810560444973e+00
5.024937810560444973e+00
5.024937810560444973e+00
5.024937810560444973e+00
5.024937810560444973e+00
5.024937810560444973e+00
5.024937810560444973e+00
5.024937810560444973e+00
5.024937810560444973e+00
5.024937810560444973e+00
5.024937810560444973e+00
5.024937810560444973e+00
5.024937810560444973e+00
5.024937810560444973e+00
5.024937810560444973e+00
5.024937810560444973e+00
5.024937810560444973e+00
5.024937810560444973e+00
5.024937810560444973e+00
5.024937810560444973e+00
5.024937810560444973e+00
5.024937810560444973e+00
5.024937810560444973e+00
5.024937810560444973e+00
5.024937810560444973e+00
5.024937810560444973e+00
5.024937810560444973e+00
5.024937810560444973e+00
5.024937810560444973e+00
5.024937810560444973e+00
5.024937810560444973e+00
5.024937810560444973e+00
5.024937810560444973e+00
5.024937810560444973e+00
5.024937810560444973e+00
5.024937810560444973e+00
5.024937810560444973e+00
5.024937810560444973e+00
5.024937810560444973e+00
5.123475382979798987e+00
5.123475382979798987e+00
5.123475382979798987e+00
5.123475382979798987e+00
5.123475382979798987e+00
5.123475382979798987e+00
5.123475382979798987e+00
5.123475382979798987e+00
5.123475382979798987e+00
5.123475382979798987e+00
5.123475382979798987e+00
5.123475382979798987e+00
5.123475382979798987e+00
5.123475382979798987e+00
5.123475382979798987e+00
5.123475382979798987e+00
5.123475382979798987e+00
5.123475382979798987e+00
5.123475382979798987e+00
5.123475382979798987e+00
5.123475382979798987e+00
5.123475382979798987e+00
5.123475382979798987e+00
5.123475382979798987e+00
5.123475382979798987e+00
5.123475382979798987e+00
5.123475382979798987e+00
5.123475382979798987e+00
5.123475382979798987e+00
5.123475382979798987e+00
5.123475382979798987e+00
5.123475382979798987e+00
5.220153254455275338e+00
5.220153254455275338e+00
5.220153254455275338e+00
5.220153254455275338e+00
5.220153254455275338e+00
5.220153254455275338e+00
5.220153254455275338e+00
5.220153254455275338e+00
5.220153254455275338e+00
5.220153254455275338e+00
5.220153254455275338e+00
5.220153254455275338e+00
5.220153254455275338e+00
5.220153254455275338e+00
5.220153254455275338e+00
5.220153254455275338e+00
5.220153254455275338e+00
5.220153254455275338e+00
5.220153254455275338e+00
5.220153254455275338e+00
5.220153254455275338e+00
5.220153254455275338e+00
5.220153254455275338e+00
5.220153254455275338e+00
5.315072906367324990e+00
5.315072906367324990e+00
5.315072906367324990e+00
5.315072906367324990e+00
5.315072906367324990e+00
5.315072906367324990e+00
5.315072906367324990e+00
5.315072906367324990e+00
5.315072906367324990e+00
5.315072906367324990e+00
5.315072906367324990e+00
5.315072906367324990e+00
5.315072906367324990e+00
5.315072906367324990e+00
5.315072906367324990e+00
5.315072906367324990e+00
5.315072906367324990e+00
5.315072906367324990e+00
5.315072906367324990e+00
5.315072906367324990e+00
5.315072906367324990e+00
5.315072906367324990e+00
5.315072906367324990e+00
5.315072906367324990e+00
5.315072906367324990e+00
5.315072906367324990e+00
5.315072906367324990e+00
5.315072906367324990e+00
5.315072906367324990e+00
5.315072906367324990e+00
5.315072906367324990e+00
5.315072906367324990e+00
5.408326913195984353e+00
5.408326913195984353e+00
5.408326913195984353e+00
5.408326913195984353e+00
5.408326913195984353e+00
5.408326913195984353e+00
5.408326913195984353e+00
5.408326913195984353e+00
5.408326913195984353e+00
5.408326913195984353e+00
5.408326913195984353e+00
5.408326913195984353e+00
5.408326913195984353e+00
5.408326913195984353e+00
5.408326913195984353e+00
5.408326913195984353e+00
5.408326913195984353e+00
5.408326913195984353e+00
5.408326913195984353e+00
5.408326913195984353e+00
5.408326913195984353e+00
5.408326913195984353e+00
5.408326913195984353e+00
5.408326913195984353e+00
5.408326913195984353e+00
5.408326913195984353e+00
5.408326913195984353e+00
5.408326913195984353e+00
5.408326913195984353e+00
5.408326913195984353e+00
5.408326913195984353e+00
5.408326913195984353e+00
5.408326913195984353e+00
5.408326913195984353e+00
5.408326913195984353e+00
5.408326913195984353e+00
5.408326913195984353e+00
5.408326913195984353e+00
5.408326913195984353e+00
5.408326913195984353e+00
5.500000000000000000e+00
5.500000000000000000e+00
5.500000000000000000e+00
5.500000000000000000e+00
5.500000000000000000e+00
5.500000000000000000e+00
5.500000000000000000e+00
5.500000000000000000e+00
5.500000000000000000e+00
5.500000000000000000e+00
5.500000000000000000e+00
5.500000000000000000e+00
5.500000000000000000e+00
5.500000000000000000e+00
5.500000000000000000e+00
5.500000000000000000e+00
5.500000000000000000e+00
5.500000000000000000e+00
5.500000000000000000e+00
5.500000000000000000e+00
5.500000000000000000e+00
5.500000000000000000e+00
5.500000000000000000e+00
5.500000000000000000e+00
5.500000000000000000e+00
5.500000000000000000e+00
5.590169943749474513e+00
5.590169943749474513e+00
5.590169943749474513e+00
5.590169943749474513e+00
5.590169943749474513e+00
5.590169943749474513e+00
5.590169943749474513e+00
5.590169943749474513e+00
5.590169943749474513e+00
5.590169943749474513e+00
5.590169943749474513e+00
5.590169943749474513e+00
5.590169943749474513e+00
5.590169943749474513e+00
5.590169943749474513e+00
5.590169943749474513e+00
5.590169943749474513e+00
5.590169943749474513e+00
5.590169943749474513e+00
5.590169943749474513e+00
5.590169943749474513e+00
5.590169943749474513e+00
5.590169943749474513e+00
5.590169943749474513e+00
5.590169943749474513e+00
5.590169943749474513e+00
5.590169943749474513e+00
5.590169943749474513e+00
5.590169943749474513e+00
5.590169943749474513e+00
5.590169943749474513e+00
5.590169943749474513e+00
5.590169943749474513e+00
5.590169943749474513e+00
5.590169943749474513e+00
5.590169943749474513e+00
5.590169943749474513e+00
5.590169943749474513e+00
5.590169943749474513e+00
5.590169943749474513e+00
5.590169943749474513e+00
5.590169943749474513e+00
5.590169943749474513e+00
5.590169943749474513e+00
5.590169943749474513e+00
5.590169943749474513e+00
5.590169943749474513e+00
5.590169943749474513e+00
5.678908345800273594e+00
5.678908345800273594e+00
5.678908345800273594e+00
5.678908345800273594e+00
5.678908345800273594e+00
5.678908345800273594e+00
5.678908345800273594e+00
5.678908345800273594e+00
5.678908345800273594e+00
5.678908345800273594e+00
5.678908345800273594e+00
5.678908345800273594e+00
5.678908345800273594e+00
5.678908345800273594e+00
5.678908345800273594e+00
5.678908345800273594e+00
5.678908345800273594e+00
5.678908345800273594e+00
5.678908345800273594e+00
5.678908345800273594e+00
5.678908345800273594e+00
5.678908345800273594e+00
5.678908345800273594e+00
5.678908345800273594e+00
5.678908345800273594e+00
5.678908345800273594e+00
5.678908345800273594e+00
5.678908345800273594e+00
5.678908345800273594e+00
5.678908345800273594e+00
5.678908345800273594e+00
5.678908345800273594e+00
5.678908345800273594e+00
5.678908345800273594e+00
5.678908345800273594e+00
5.678908345800273594e+00
5.678908345800273594e+00
5.678908345800273594e+00
5.678908345800273594e+00
5.678908345800273594e+00
5.678908345800273594e+00
5.678908345800273594e+00
5.678908345800273594e+00
5.678908345800273594e+00
5.678908345800273594e+00
5.678908345800273594e+00
5.678908345800273594e+00
5.678908345800273594e+00
5.766281297335398293e+00
5.766281297335398293e+00
5.766281297335398293e+00
5.766281297335398293e+00
5.766281297335398293e+00
5.766281297335398293e+00
5.766281297335398293e+00
5.766281297335398293e+00
5.766281297335398293e+00
5.766281297335398293e+00
5.766281297335398293e+00
5.766281297335398293e+00
5.766281297335398293e+00
5.766281297335398293e+00
5.766281297335398293e+00
5.766281297335398293e+00
5.852349955359812839e+00
5.852349955359812839e+00
5.852349955359812839e+00
5.852349955359812839e+00
5.852349955359812839e+00
5.852349955359812839e+00
5.852349955359812839e+00
5.852349955359812839e+00
5.852349955359812839e+00
5.852349955359812839e+00
5.852349955359812839e+00
5.852349955359812839e+00
5.852349955359812839e+00
5.852349955359812839e+00
5.852349955359812839e+00
5.852349955359812839e+00
5.852349955359812839e+00
5.852349955359812839e+00
5.852349955359812839e+00
5.852349955359812839e+00
5.852349955359812839e+00
5.852349955359812839e+00
5.852349955359812839e+00
5.852349955359812839e+00
5.852349955359812839e+00
5.852349955359812839e+00
5.852349955359812839e+00
5.852349955359812839e+00
5.852349955359812839e+00
5.852349955359812839e+00
5.852349955359812839e+00
5.852349955359812839e+00
5.937171043518958413e+00
5.937171043518958413e+00
5.937171043518958413e+00
5.937171043518958413e+00
5.937171043518958413e+00
5.937171043518958413e+00
5.937171043518958413e+00
5.937171043518958413e+00
5.937171043518958413e+00
5.937171043518958413e+00
5.937171043518958413e+00
5.937171043518958413e+00
5.937171043518958413e+00
5.937171043518958413e+00
5.937171043518958413e+00
5.937171043518958413e+00
5.937171043518958413e+00
5.937171043518958413e+00
5.937171043518958413e+00
5.937171043518958413e+00
5.937171043518958413e+00
5.937171043518958413e+00
5.937171043518958413e+00
5.937171043518958413e+00
5.937171043518958413e+00
5.937171043518958413e+00
5.937171043518958413e+00
5.937171043518958413e+00
5.937171043518958413e+00
5.937171043518958413e+00
5.937171043518958413e+00
5.937171043518958413e+00
6.020797289396147889e+00
6.020797289396147889e+00
6.020797289396147889e+00
6.020797289396147889e+00
6.020797289396147889e+00
6.020797289396147889e+00
6.020797289396147889e+00
6.020797289396147889e+00
6.020797289396147889e+00
6.020797289396147889e+00
6.020797289396147889e+00
6.020797289396147889e+00
6.020797289396147889e+00
6.020797289396147889e+00
6.020797289396147889e+00
6.020797289396147889e+00
6.020797289396147889e+00
6.020797289396147889e+00
6.020797289396147889e+00
6.020797289396147889e+00
6.020797289396147889e+00
6.020797289396147889e+00
6.020797289396147889e+00
6.020797289396147889e+00
6.020797289396147889e+00
6.020797289396147889e+00
6.020797289396147889e+00
6.020797289396147889e+00
6.020797289396147889e+00
6.020797289396147889e+00
6.020797289396147889e+00
6.020797289396147889e+00
6.103277807866851035e+00
6.103277807866851035e+00
6.103277807866851035e+00
6.103277807866851035e+00
6.103277807866851035e+00
6.103277807866851035e+00
6.103277807866851035e+00
6.103277807866851035e+00
6.103277807866851035e+00
6.103277807866851035e+00
6.103277807866851035e+00
6.103277807866851035e+00
6.103277807866851035e+00
6.103277807866851035e+00
6.103277807866851035e+00
6.103277807866851035e+00
6.103277807866851035e+00
6.103277807866851035e+00
6.103277807866851035e+00
6.103277807866851035e+00
6.103277807866851035e+00
6.103277807866851035e+00
6.103277807866851035e+00
6.103277807866851035e+00
6.103277807866851035e+00
6.103277807866851035e+00
6.103277807866851035e+00
6.103277807866851035e+00
6.103277807866851035e+00
6.103277807866851035e+00
6.103277807866851035e+00
6.103277807866851035e+00
6.103277807866851035e+00
6.103277807866851035e+00
6.103277807866851035e+00
6.103277807866851035e+00
6.103277807866851035e+00
6.103277807866851035e+00
6.103277807866851035e+00
6.103277807866851035e+00
6.103277807866851035e+00
6.103277807866851035e+00
6.103277807866851035e+00
6.103277807866851035e+00
6.103277807866851035e+00
6.103277807866851035e+00
6.103277807866851035e+00
6.103277807866851035e+00
6.103277807866851035e+00
6.103277807866851035e+00
6.103277807866851035e+00
6.103277807866851035e+00
6.103277807866851035e+00
6.103277807866851035e+00
6.103277807866851035e+00
6.103277807866851035e+00
6.184658438426490434e+00
6.184658438426490434e+00
6.184658438426490434e+00
6.184658438426490434e+00
6.184658438426490434e+00
6.184658438426490434e+00
6.184658438426490434e+00
6.184658438426490434e+00
6.184658438426490434e+00
6.184658438426490434e+00
6.184658438426490434e+00
6.184658438426490434e+00
6.184658438426490434e+00
6.184658438426490434e+00
6.184658438426490434e+00
6.184658438426490434e+00
6.184658438426490434e+00
6.184658438426490434e+00
6.184658438426490434e+00
6.184658438426490434e+00
6.184658438426490434e+00
6.184658438426490434e+00
6.184658438426490434e+00
6.184658438426490434e+00
6.184658438426490434e+00
6.184658438426490434e+00
6.184658438426490434e+00
6.184658438426490434e+00
6.184658438426490434e+00
6.184658438426490434e+00
6.184658438426490434e+00
6.184658438426490434e+00
6.184658438426490434e+00
6.184658438426490434e+00
6.184658438426490434e+00
6.184658438426490434e+00
6.184658438426490434e+00
6.184658438426490434e+00
6.184658438426490434e+00
6.184658438426490434e+00
6.184658438426490434e+00
6.184658438426490434e+00
6.184658438426490434e+00
6.184658438426490434e+00
6.184658438426490434e+00
6.184658438426490434e+00
6.184658438426490434e+00
6.184658438426490434e+00
6.264982043070833839e+00
6.264982043070833839e+00
6.264982043070833839e+00
6.264982043070833839e+00
6.264982043070833839e+00
6.264982043070833839e+00
6.264982043070833839e+00
6.264982043070833839e+00
6.264982043070833839e+00
6.264982043070833839e+00
6.264982043070833839e+00
6.264982043070833839e+00
6.264982043070833839e+00
6.264982043070833839e+00
6.264982043070833839e+00
6.264982043070833839e+00
6.264982043070833839e+00
6.264982043070833839e+00
6.264982043070833839e+00
6.264982043070833839e+00
6.264982043070833839e+00
6.264982043070833839e+00
6.264982043070833839e+00
6.264982043070833839e+00
6.344288770224760121e+00
6.344288770224760121e+00
6.344288770224760121e+00
6.344288770224760121e+00
6.344288770224760121e+00
6.344288770224760121e+00
6.344288770224760121e+00
6.344288770224760121e+00
6.344288770224760121e+00
6.344288770224760121e+00
6.344288770224760121e+00
6.344288770224760121e+00
6.344288770224760121e+00
6.344288770224760121e+00
6.344288770224760121e+00
6.344288770224760121e+00
6.344288770224760121e+00
6.344288770224760121e+00
6.344288770224760121e+00
6.344288770224760121e+00
6.344288770224760121e+00
6.344288770224760121e+00
6.344288770224760121e+00
6.344288770224760121e+00
6.344288770224760121e+00
6.344288770224760121e+00
6.344288770224760121e+00
6.344288770224760121e+00
6.344288770224760121e+00
6.344288770224760121e+00
6.344288770224760121e+00
6.344288770224760121e+00
6.344288770224760121e+00
6.344288770224760121e+00
6.344288770224760121e+00
6.344288770224760121e+00
6.344288770224760121e+00
6.344288770224760121e+00
6.344288770224760121e+00
6.344288770224760121e+00
6.344288770224760121e+00
6.344288770224760121e+00
6.344288770224760121e+00
6.344288770224760121e+00
6.344288770224760121e+00
6.344288770224760121e+00
6.344288770224760121e+00
6.344288770224760121e+00
6.344288770224760121e+00
6.344288770224760121e+00
6.344288770224760121e+00
6.344288770224760121e+00
6.344288770224760121e+00
6.344288770224760121e+00
6.344288770224760121e+00
6.344288770224760121e+00
6.344288770224760121e+00
6.344288770224760121e+00
6.344288770224760121e+00
6.344288770224760121e+00
6.344288770224760121e+00
6.344288770224760121e+00
6.344288770224760121e+00
6.344288770224760121e+00
6.422616289332564676e+00
6.422616289332564676e+00
6.422616289332564676e+00
6.422616289332564676e+00
6.422616289332564676e+00
6.422616289332564676e+00
6.422616289332564676e+00
6.422616289332564676e+00
6.422616289332564676e+00
6.422616289332564676e+00
6.422616289332564676e+00
6.422616289332564676e+00
6.422616289332564676e+00
6.422616289332564676e+00
6.422616289332564676e+00
6.422616289332564676e+00
6.422616289332564676e+00
6.422616289332564676e+00
6.422616289332564676e+00
6.422616289332564676e+00
6.422616289332564676e+00
6.422616289332564676e+00
6.422616289332564676e+00
6.422616289332564676e+00
6.422616289332564676e+00
6.422616289332564676e+00
6.422616289332564676e+00
6.422616289332564676e+00
6.422616289332564676e+00
6.422616289332564676e+00
6.422616289332564676e+00
6.422616289332564676e+00
6.500000000000000000e+00
6.500000000000000000e+00
6.500000000000000000e+00
6.500000000000000000e+00
6.500000000000000000e+00
6.500000000000000000e+00
6.500000000000000000e+00
6.500000000000000000e+00
6.500000000000000000e+00
6.500000000000000000e+00
6.500000000000000000e+00
6.500000000000000000e+00
6.500000000000000000e+00
6.500000000000000000e+00
6.500000000000000000e+00
6.500000000000000000e+00
6.500000000000000000e+00
6.500000000000000000e+00
6.500000000000000000e+00
6.500000000000000000e+00
6.500000000000000000e+00
6.500000000000000000e+00
6.500000000000000000e+00
6.500000000000000000e+00
6.500000000000000000e+00
6.500000000000000000e+00
6.576473218982952673e+00
6.576473218982952673e+00
6.576473218982952673e+00
6.576473218982952673e+00
6.576473218982952673e+00
6.576473218982952673e+00
6.576473218982952673e+00
6.576473218982952673e+00
6.576473218982952673e+00
6.576473218982952673e+00
6.576473218982952673e+00
6.576473218982952673e+00
6.576473218982952673e+00
6.576473218982952673e+00
6.576473218982952673e+00
6.576473218982952673e+00
6.576473218982952673e+00
6.576473218982952673e+00
6.576473218982952673e+00
6.576473218982952673e+00
6.576473218982952673e+00
6.576473218982952673e+00
6.576473218982952673e+00
6.576473218982952673e+00
6.576473218982952673e+00
6.576473218982952673e+00
6.576473218982952673e+00
6.576473218982952673e+00
6.576473218982952673e+00
6.576473218982952673e+00
6.576473218982952673e+00
6.576473218982952673e+00
6.576473218982952673e+00
6.576473218982952673e+00
6.576473218982952673e+00
6.576473218982952673e+00
6.576473218982952673e+00
6.576473218982952673e+00
6.576473218982952673e+00
6.576473218982952673e+00
6.576473218982952673e+00
6.576473218982952673e+00
6.576473218982952673e+00
6.576473218982952673e+00
6.576473218982952673e+00
6.576473218982952673e+00
6.576473218982952673e+00
6.576473218982952673e+00
6.576473218982952673e+00
6.576473218982952673e+00
6.576473218982952673e+00
6.576473218982952673e+00
6.576473218982952673e+00
6.576473218982952673e+00
6.576473218982952673e+00
6.576473218982952673e+00
6.652067347825035171e+00
6.652067347825035171e+00
6.652067347825035171e+00
6.652067347825035171e+00
6.652067347825035171e+00
6.652067347825035171e+00
6.652067347825035171e+00
6.652067347825035171e+00
6.652067347825035171e+00
6.652067347825035171e+00
6.652067347825035171e+00
6.652067347825035171e+00
6.652067347825035171e+00
6.652067347825035171e+00
6.652067347825035171e+00
6.652067347825035171e+00
6.726812023536854923e+00
6.726812023536854923e+00
6.726812023536854923e+00
6.726812023536854923e+00
6.726812023536854923e+00
6.726812023536854923e+00
6.726812023536854923e+00
6.726812023536854923e+00
6.726812023536854923e+00
6.726812023536854923e+00
6.726812023536854923e+00
6.726812023536854923e+00
6.726812023536854923e+00
6.726812023536854923e+00
6.726812023536854923e+00
6.726812023536854923e+00
6.726812023536854923e+00
6.726812023536854923e+00
6.726812023536854923e+00
6.726812023536854923e+00
6.726812023536854923e+00
6.726812023536854923e+00
6.726812023536854923e+00
6.726812023536854923e+00
6.726812023536854923e+00
6.726812023536854923e+00
6.726812023536854923e+00
6.726812023536854923e+00
6.726812023536854923e+00
6.726812023536854923e+00
6.726812023536854923e+00
6.726812023536854923e+00
6.726812023536854923e+00
6.726812023536854923e+00
6.726812023536854923e+00
6.726812023536854923e+00
6.726812023536854923e+00
6.726812023536854923e+00
6.726812023536854923e+00
6.726812023536854923e+00
6.800735254367721971e+00
6.800735254367721971e+00
6.800735254367721971e+00
6.800735254367721971e+00
6.800735254367721971e+00
6.800735254367721971e+00
6.800735254367721971e+00
6.800735254367721971e+00
6.800735254367721971e+00
6.800735254367721971e+00
6.800735254367721971e+00
6.800735254367721971e+00
6.800735254367721971e+00
6.800735254367721971e+00
6.800735254367721971e+00
6.800735254367721971e+00
6.800735254367721971e+00
6.800735254367721971e+00
6.800735254367721971e+00
6.800735254367721971e+00
6.800735254367721971e+00
6.800735254367721971e+00
6.800735254367721971e+00
6.800735254367721971e+00
6.800735254367721971e+00
6.800735254367721971e+00
6.800735254367721971e+00
6.800735254367721971e+00
6.800735254367721971e+00
6.800735254367721971e+00
6.800735254367721971e+00
6.800735254367721971e+00
6.800735254367721971e+00
6.800735254367721971e+00
6.800735254367721971e+00
6.800735254367721971e+00
6.800735254367721971e+00
6.800735254367721971e+00
6.800735254367721971e+00
6.800735254367721971e+00
6.800735254367721971e+00
6.800735254367721971e+00
6.800735254367721971e+00
6.800735254367721971e+00
6.800735254367721971e+00
6.800735254367721971e+00
6.800735254367721971e+00
6.800735254367721971e+00
6.800735254367721971e+00
6.800735254367721971e+00
6.800735254367721971e+00
6.800735254367721971e+00
6.800735254367721971e+00
6.800735254367721971e+00
6.800735254367721971e+00
6.800735254367721971e+00
6.800735254367721971e+00
6.800735254367721971e+00
6.800735254367721971e+00
6.800735254367721971e+00
6.800735254367721971e+00
6.800735254367721971e+00
6.800735254367721971e+00
6.800735254367721971e+00
6.873863542433760188e+00
6.873863542433760188e+00
6.873863542433760188e+00
6.873863542433760188e+00
6.873863542433760188e+00
6.873863542433760188e+00
6.873863542433760188e+00
6.873863542433760188e+00
6.873863542433760188e+00
6.873863542433760188e+00
6.873863542433760188e+00
6.873863542433760188e+00
6.873863542433760188e+00
6.873863542433760188e+00
6.873863542433760188e+00
6.873863542433760188e+00
6.873863542433760188e+00
6.873863542433760188e+00
6.873863542433760188e+00
6.873863542433760188e+00
6.873863542433760188e+00
6.873863542433760188e+00
6.873863542433760188e+00
6.873863542433760188e+00
6.873863542433760188e+00
6.873863542433760188e+00
6.873863542433760188e+00
6.873863542433760188e+00
6.873863542433760188e+00
6.873863542433760188e+00
6.873863542433760188e+00
6.873863542433760188e+00
6.873863542433760188e+00
6.873863542433760188e+00
6.873863542433760188e+00
6.873863542433760188e+00
6.873863542433760188e+00
6.873863542433760188e+00
6.873863542433760188e+00
6.873863542433760188e+00
6.873863542433760188e+00
6.873863542433760188e+00
6.873863542433760188e+00
6.873863542433760188e+00
6.873863542433760188e+00
6.873863542433760188e+00
6.873863542433760188e+00
6.873863542433760188e+00
6.873863542433760188e+00
6.873863542433760188e+00
6.873863542433760188e+00
6.873863542433760188e+00
6.873863542433760188e+00
6.873863542433760188e+00
6.873863542433760188e+00
6.873863542433760188e+00
6.873863542433760188e+00
6.873863542433760188e+00
6.873863542433760188e+00
6.873863542433760188e+00
6.873863542433760188e+00
6.873863542433760188e+00
6.873863542433760188e+00
6.873863542433760188e+00
6.946221994724901982e+00
6.946221994724901982e+00
6.946221994724901982e+00
6.946221994724901982e+00
6.946221994724901982e+00
6.946221994724901982e+00
6.946221994724901982e+00
6.946221994724901982e+00
6.946221994724901982e+00
6.946221994724901982e+00
6.946221994724901982e+00
6.946221994724901982e+00
6.946221994724901982e+00
6.946221994724901982e+00
6.946221994724901982e+00
6.946221994724901982e+00
7.017834423809099498e+00
7.017834423809099498e+00
7.017834423809099498e+00
7.017834423809099498e+00
7.017834423809099498e+00
7.017834423809099498e+00
7.017834423809099498e+00
7.017834423809099498e+00
7.017834423809099498e+00
7.017834423809099498e+00
7.017834423809099498e+00
7.017834423809099498e+00
7.017834423809099498e+00
7.017834423809099498e+00
7.017834423809099498e+00
7.017834423809099498e+00
7.017834423809099498e+00
7.017834423809099498e+00
7.017834423809099498e+00
7.017834423809099498e+00
7.017834423809099498e+00
7.017834423809099498e+00
7.017834423809099498e+00
7.017834423809099498e+00
7.017834423809099498e+00
7.017834423809099498e+00
7.017834423809099498e+00
7.017834423809099498e+00
7.017834423809099498e+00
7.017834423809099498e+00
7.017834423809099498e+00
7.017834423809099498e+00
7.017834423809099498e+00
7.017834423809099498e+00
7.017834423809099498e+00
7.017834423809099498e+00
7.017834423809099498e+00
7.017834423809099498e+00
7.017834423809099498e+00
7.017834423809099498e+00
7.088723439378912694e+00
7.088723439378912694e+00
7.088723439378912694e+00
7.088723439378912694e+00
7.088723439378912694e+00
7.088723439378912694e+00
7.088723439378912694e+00
7.088723439378912694e+00
7.088723439378912694e+00
7.088723439378912694e+00
7.088723439378912694e+00
7.088723439378912694e+00
7.088723439378912694e+00
7.088723439378912694e+00
7.088723439378912694e+00
7.088723439378912694e+00
7.088723439378912694e+00
7.088723439378912694e+00
7.088723439378912694e+00
7.088723439378912694e+00
7.088723439378912694e+00
7.088723439378912694e+00
7.088723439378912694e+00
7.088723439378912694e+00
7.088723439378912694e+00
7.088723439378912694e+00
7.088723439378912694e+00
7.088723439378912694e+00
7.088723439378912694e+00
7.088723439378912694e+00
7.088723439378912694e+00
7.088723439378912694e+00
7.088723439378912694e+00
7.088723439378912694e+00
7.088723439378912694e+00
7.088723439378912694e+00
7.088723439378912694e+00
7.088723439378912694e+00
7.088723439378912694e+00
7.088723439378912694e+00
7.088723439378912694e+00
7.088723439378912694e+00
7.088723439378912694e+00
7.088723439378912694e+00
7.088723439378912694e+00
7.088723439378912694e+00
7.088723439378912694e+00
7.088723439378912694e+00
7.158910531638176700e+00
7.158910531638176700e+00
7.158910531638176700e+00
7.158910531638176700e+00
7.158910531638176700e+00
7.158910531638176700e+00
7.158910531638176700e+00
7.158910531638176700e+00
7.158910531638176700e+00
7.158910531638176700e+00
7.158910531638176700e+00
7.158910531638176700e+00
7.158910531638176700e+00
7.158910531638176700e+00
7.158910531638176700e+00
7.158910531638176700e+00
7.158910531638176700e+00
7.158910531638176700e+00
7.158910531638176700e+00
7.158910531638176700e+00
7.158910531638176700e+00
7.158910531638176700e+00
7.158910531638176700e+00
7.158910531638176700e+00
7.158910531638176700e+00
7.158910531638176700e+00
7.158910531638176700e+00
7.158910531638176700e+00
7.158910531638176700e+00
7.158910531638176700e+00
7.158910531638176700e+00
7.158910531638176700e+00
7.228416147400480440e+00
7.228416147400480440e+00
7.228416147400480440e+00
7.228416147400480440e+00
7.228416147400480440e+00
7.228416147400480440e+00
7.228416147400480440e+00
7.228416147400480440e+00
7.228416147400480440e+00
7.228416147400480440e+00
7.228416147400480440e+00
7.228416147400480440e+00
7.228416147400480440e+00
7.228416147400480440e+00
7.228416147400480440e+00
7.228416147400480440e+00
7.228416147400480440e+00
7.228416147400480440e+00
7.228416147400480440e+00
7.228416147400480440e+00
7.228416147400480440e+00
7.228416147400480440e+00
7.228416147400480440e+00
7.228416147400480440e+00
7.228416147400480440e+00
7.228416147400480440e+00
7.228416147400480440e+00
7.228416147400480440e+00
7.228416147400480440e+00
7.228416147400480440e+00
7.228416147400480440e+00
7.228416147400480440e+00
7.228416147400480440e+00
7.228416147400480440e+00
7.228416147400480440e+00
7.228416147400480440e+00
7.228416147400480440e+00
7.228416147400480440e+00
7.228416147400480440e+00
7.228416147400480440e+00
7.228416147400480440e+00
7.228416147400480440e+00
7.228416147400480440e+00
7.228416147400480440e+00
7.228416147400480440e+00
7.228416147400480440e+00
7.228416147400480440e+00
7.228416147400480440e+00
7.228416147400480440e+00
7.228416147400480440e+00
7.228416147400480440e+00
7.228416147400480440e+00
7.228416147400480440e+00
7.228416147400480440e+00
7.228416147400480440e+00
7.228416147400480440e+00
7.228416147400480440e+00
7.228416147400480440e+00
7.228416147400480440e+00
7.228416147400480440e+00
7.228416147400480440e+00
7.228416147400480440e+00
7.228416147400480440e+00
7.228416147400480440e+00
7.228416147400480440e+00
7.228416147400480440e+00
7.228416147400480440e+00
7.228416147400480440e+00
7.228416147400480440e+00
7.228416147400480440e+00
7.228416147400480440e+00
7.228416147400480440e+00
7.228416147400480440e+00
7.228416147400480440e+00
7.228416147400480440e+00
7.228416147400480440e+00
7.228416147400480440e+00
7.228416147400480440e+00
7.228416147400480440e+00
7.228416147400480440e+00
7.297259759663211831e+00
7.297259759663211831e+00
7.297259759663211831e+00
7.297259759663211831e+00
7.297259759663211831e+00
7.297259759663211831e+00
7.297259759663211831e+00
7.297259759663211831e+00
7.297259759663211831e+00
7.297259759663211831e+00
7.297259759663211831e+00
7.297259759663211831e+00
7.297259759663211831e+00
7.297259759663211831e+00
7.297259759663211831e+00
7.297259759663211831e+00
7.297259759663211831e+00
7.297259759663211831e+00
7.297259759663211831e+00
7.297259759663211831e+00
7.297259759663211831e+00
7.297259759663211831e+00
7.297259759663211831e+00
7.297259759663211831e+00
7.297259759663211831e+00
7.297259759663211831e+00
7.297259759663211831e+00
7.297259759663211831e+00
7.297259759663211831e+00
7.297259759663211831e+00
7.297259759663211831e+00
7.297259759663211831e+00
7.365459931328117271e+00
7.365459931328117271e+00
7.365459931328117271e+00
7.365459931328117271e+00
7.365459931328117271e+00
7.365459931328117271e+00
7.365459931328117271e+00
7.365459931328117271e+00
7.365459931328117271e+00
7.365459931328117271e+00
7.365459931328117271e+00
7.365459931328117271e+00
7.365459931328117271e+00
7.365459931328117271e+00
7.365459931328117271e+00
7.365459931328117271e+00
7.365459931328117271e+00
7.365459931328117271e+00
7.365459931328117271e+00
7.365459931328117271e+00
7.365459931328117271e+00
7.365459931328117271e+00
7.365459931328117271e+00
7.365459931328117271e+00
7.365459931328117271e+00
7.365459931328117271e+00
7.365459931328117271e+00
7.365459931328117271e+00
7.365459931328117271e+00
7.365459931328117271e+00
7.365459931328117271e+00
7.365459931328117271e+00
7.433034373659253013e+00
7.433034373659253013e+00
7.433034373659253013e+00
7.433034373659253013e+00
7.433034373659253013e+00
7.433034373659253013e+00
7.433034373659253013e+00
7.433034373659253013e+00
7.433034373659253013e+00
7.433034373659253013e+00
7.433034373659253013e+00
7.433034373659253013e+00
7.433034373659253013e+00
7.433034373659253013e+00
7.433034373659253013e+00
7.433034373659253013e+00
7.433034373659253013e+00
7.433034373659253013e+00
7.433034373659253013e+00
7.433034373659253013e+00
7.433034373659253013e+00
7.433034373659253013e+00
7.433034373659253013e+00
7.433034373659253013e+00
7.433034373659253013e+00
7.433034373659253013e+00
7.433034373659253013e+00
7.433034373659253013e+00
7.433034373659253013e+00
7.433034373659253013e+00
7.433034373659253013e+00
7.433034373659253013e+00
7.433034373659253013e+00
7.433034373659253013e+00
7.433034373659253013e+00
7.433034373659253013e+00
7.433034373659253013e+00
7.433034373659253013e+00
7.433034373659253013e+00
7.433034373659253013e+00
7.433034373659253013e+00
7.433034373659253013e+00
7.433034373659253013e+00
7.433034373659253013e+00
7.433034373659253013e+00
7.433034373659253013e+00
7.433034373659253013e+00
7.433034373659253013e+00
7.433034373659253013e+00
7.433034373659253013e+00
7.433034373659253013e+00
7.433034373659253013e+00
7.433034373659253013e+00
7.433034373659253013e+00
7.433034373659253013e+00
7.433034373659253013e+00
7.433034373659253013e+00
7.433034373659253013e+00
7.433034373659253013e+00
7.433034373659253013e+00
7.433034373659253013e+00
7.433034373659253013e+00
7.433034373659253013e+00
7.433034373659253013e+00
7.500000000000000000e+00
7.500000000000000000e+00
7.500000000000000000e+00
7.500000000000000000e+00
7.500000000000000000e+00
7.500000000000000000e+00
7.500000000000000000e+00
7.500000000000000000e+00
7.500000000000000000e+00
7.500000000000000000e+00
7.500000000000000000e+00
7.500000000000000000e+00
7.500000000000000000e+00
7.500000000000000000e+00
7.500000000000000000e+00
7.500000000000000000e+00
7.500000000000000000e+00
7.500000000000000000e+00
7.500000000000000000e+00
7.500000000000000000e+00
7.500000000000000000e+00
7.500000000000000000e+00
7.500000000000000000e+00
7.500000000000000000e+00
7.500000000000000000e+00
7.500000000000000000e+00
7.500000000000000000e+00
7.500000000000000000e+00
7.500000000000000000e+00
7.500000000000000000e+00
7.500000000000000000e+00
7.500000000000000000e+00
7.500000000000000000e+00
7.500000000000000000e+00
7.500000000000000000e+00
7.500000000000000000e+00
7.500000000000000000e+00
7.500000000000000000e+00
7.500000000000000000e+00
7.500000000000000000e+00
7.500000000000000000e+00
7.500000000000000000e+00
7.500000000000000000e+00
7.500000000000000000e+00
7.500000000000000000e+00
7.500000000000000000e+00
7.500000000000000000e+00
7.500000000000000000e+00
7.500000000000000000e+00
7.566372975210778229e+00
7.566372975210778229e+00
7.566372975210778229e+00
7.566372975210778229e+00
7.566372975210778229e+00
7.566372975210778229e+00
7.566372975210778229e+00
7.566372975210778229e+00
7.566372975210778229e+00
7.566372975210778229e+00
7.566372975210778229e+00
7.566372975210778229e+00
7.566372975210778229e+00
7.566372975210778229e+00
7.566372975210778229e+00
7.566372975210778229e+00
7.566372975210778229e+00
7.566372975210778229e+00
7.566372975210778229e+00
7.566372975210778229e+00
7.566372975210778229e+00
7.566372975210778229e+00
7.566372975210778229e+00
7.566372975210778229e+00
7.566372975210778229e+00
7.566372975210778229e+00
7.566372975210778229e+00
7.566372975210778229e+00
7.566372975210778229e+00
7.566372975210778229e+00
7.566372975210778229e+00
7.566372975210778229e+00
7.566372975210778229e+00
7.566372975210778229e+00
7.566372975210778229e+00
7.566372975210778229e+00
7.632168761236873600e+00
7.632168761236873600e+00
7.632168761236873600e+00
7.632168761236873600e+00
7.632168761236873600e+00
7.632168761236873600e+00
7.632168761236873600e+00
7.632168761236873600e+00
7.632168761236873600e+00
7.632168761236873600e+00
7.632168761236873600e+00
7.632168761236873600e+00
7.632168761236873600e+00
7.632168761236873600e+00
7.632168761236873600e+00
7.632168761236873600e+00
7.632168761236873600e+00
7.632168761236873600e+00
7.632168761236873600e+00
7.632168761236873600e+00
7.632168761236873600e+00
7.632168761236873600e+00
7.632168761236873600e+00
7.632168761236873600e+00
7.632168761236873600e+00
7.632168761236873600e+00
7.632168761236873600e+00
7.632168761236873600e+00
7.632168761236873600e+00
7.632168761236873600e+00
7.632168761236873600e+00
7.632168761236873600e+00
7.632168761236873600e+00
7.632168761236873600e+00
7.632168761236873600e+00
7.632168761236873600e+00
7.632168761236873600e+00
7.632168761236873600e+00
7.632168761236873600e+00
7.632168761236873600e+00
7.632168761236873600e+00
7.632168761236873600e+00
7.632168761236873600e+00
7.632168761236873600e+00
7.697402159170326108e+00
7.697402159170326108e+00
7.697402159170326108e+00
7.697402159170326108e+00
7.697402159170326108e+00
7.697402159170326108e+00
7.697402159170326108e+00
7.697402159170326108e+00
7.697402159170326108e+00
7.697402159170326108e+00
7.697402159170326108e+00
7.697402159170326108e+00
7.697402159170326108e+00
7.697402159170326108e+00
7.697402159170326108e+00
7.697402159170326108e+00
7.697402159170326108e+00
7.697402159170326108e+00
7.697402159170326108e+00
7.697402159170326108e+00
7.697402159170326108e+00
7.697402159170326108e+00
7.697402159170326108e+00
7.697402159170326108e+00
7.697402159170326108e+00
7.697402159170326108e+00
7.697402159170326108e+00
7.697402159170326108e+00
7.697402159170326108e+00
7.697402159170326108e+00
7.697402159170326108e+00
7.697402159170326108e+00
7.697402159170326108e+00
7.697402159170326108e+00
7.697402159170326108e+00
7.697402159170326108e+00
7.697402159170326108e+00
7.697402159170326108e+00
7.697402159170326108e+00
7.697402159170326108e+00
7.697402159170326108e+00
7.697402159170326108e+00
7.697402159170326108e+00
7.697402159170326108e+00
7.697402159170326108e+00
7.697402159170326108e+00
7.697402159170326108e+00
7.697402159170326108e+00
7.762087348130012110e+00
7.762087348130012110e+00
7.762087348130012110e+00
7.762087348130012110e+00
7.762087348130012110e+00
7.762087348130012110e+00
7.762087348130012110e+00
7.762087348130012110e+00
7.762087348130012110e+00
7.762087348130012110e+00
7.762087348130012110e+00
7.762087348130012110e+00
7.762087348130012110e+00
7.762087348130012110e+00
7.762087348130012110e+00
7.762087348130012110e+00
7.762087348130012110e+00
7.762087348130012110e+00
7.762087348130012110e+00
7.762087348130012110e+00
7.762087348130012110e+00
7.762087348130012110e+00
7.762087348130012110e+00
7.762087348130012110e+00
7.762087348130012110e+00
7.762087348130012110e+00
7.762087348130012110e+00
7.762087348130012110e+00
7.762087348130012110e+00
7.762087348130012110e+00
7.762087348130012110e+00
7.762087348130012110e+00
7.762087348130012110e+00
7.762087348130012110e+00
7.762087348130012110e+00
7.762087348130012110e+00
7.762087348130012110e+00
7.762087348130012110e+00
7.762087348130012110e+00
7.762087348130012110e+00
7.762087348130012110e+00
7.762087348130012110e+00
7.762087348130012110e+00
7.762087348130012110e+00
7.826237921249264318e+00
7.826237921249264318e+00
7.826237921249264318e+00
7.826237921249264318e+00
7.826237921249264318e+00
7.826237921249264318e+00
7.826237921249264318e+00
7.826237921249264318e+00
7.826237921249264318e+00
7.826237921249264318e+00
7.826237921249264318e+00
7.826237921249264318e+00
7.826237921249264318e+00
7.826237921249264318e+00
7.826237921249264318e+00
7.826237921249264318e+00
7.826237921249264318e+00
7.826237921249264318e+00
7.826237921249264318e+00
7.826237921249264318e+00
7.826237921249264318e+00
7.826237921249264318e+00
7.826237921249264318e+00
7.826237921249264318e+00
7.826237921249264318e+00
7.826237921249264318e+00
7.826237921249264318e+00
7.826237921249264318e+00
7.826237921249264318e+00
7.826237921249264318e+00
7.826237921249264318e+00
7.826237921249264318e+00
7.826237921249264318e+00
7.826237921249264318e+00
7.826237921249264318e+00
7.826237921249264318e+00
7.826237921249264318e+00
7.826237921249264318e+00
7.826237921249264318e+00
7.826237921249264318e+00
7.826237921249264318e+00
7.826237921249264318e+00
7.826237921249264318e+00
7.826237921249264318e+00
7.826237921249264318e+00
7.826237921249264318e+00
7.826237921249264318e+00
7.826237921249264318e+00
7.889866919029749681e+00
7.889866919029749681e+00
7.889866919029749681e+00
7.889866919029749681e+00
7.889866919029749681e+00
7.889866919029749681e+00
7.889866919029749681e+00
7.889866919029749681e+00
7.889866919029749681e+00
7.889866919029749681e+00
7.889866919029749681e+00
7.889866919029749681e+00
7.889866919029749681e+00
7.889866919029749681e+00
7.889866919029749681e+00
7.889866919029749681e+00
7.889866919029749681e+00
7.889866919029749681e+00
7.889866919029749681e+00
7.889866919029749681e+00
7.889866919029749681e+00
7.889866919029749681e+00
7.889866919029749681e+00
7.889866919029749681e+00
7.889866919029749681e+00
7.889866919029749681e+00
7.889866919029749681e+00
7.889866919029749681e+00
7.889866919029749681e+00
7.889866919029749681e+00
7.889866919029749681e+00
7.889866919029749681e+00
7.889866919029749681e+00
7.889866919029749681e+00
7.889866919029749681e+00
7.889866919029749681e+00
7.889866919029749681e+00
7.889866919029749681e+00
7.889866919029749681e+00
7.889866919029749681e+00
7.889866919029749681e+00
7.889866919029749681e+00
7.889866919029749681e+00
7.889866919029749681e+00
7.889866919029749681e+00
7.889866919029749681e+00
7.889866919029749681e+00
7.889866919029749681e+00
7.952986860293433047e+00
7.952986860293433047e+00
7.952986860293433047e+00
7.952986860293433047e+00
7.952986860293433047e+00
7.952986860293433047e+00
7.952986860293433047e+00
7.952986860293433047e+00
7.952986860293433047e+00
7.952986860293433047e+00
7.952986860293433047e+00
7.952986860293433047e+00
7.952986860293433047e+00
7.952986860293433047e+00
7.952986860293433047e+00
7.952986860293433047e+00
8.015609770940699264e+00
8.015609770940699264e+00
8.015609770940699264e+00
8.015609770940699264e+00
8.015609770940699264e+00
8.015609770940699264e+00
8.015609770940699264e+00
8.015609770940699264e+00
8.015609770940699264e+00
8.015609770940699264e+00
8.015609770940699264e+00
8.015609770940699264e+00
8.015609770940699264e+00
8.015609770940699264e+00
8.015609770940699264e+00
8.015609770940699264e+00
8.015609770940699264e+00
8.015609770940699264e+00
8.015609770940699264e+00
8.015609770940699264e+00
8.015609770940699264e+00
8.015609770940699264e+00
8.015609770940699264e+00
8.015609770940699264e+00
8.015609770940699264e+00
8.015609770940699264e+00
8.015609770940699264e+00
8.015609770940699264e+00
8.015609770940699264e+00
8.015609770940699264e+00
8.015609770940699264e+00
8.015609770940699264e+00
8.015609770940699264e+00
8.015609770940699264e+00
8.015609770940699264e+00
8.015609770940699264e+00
8.015609770940699264e+00
8.015609770940699264e+00
8.015609770940699264e+00
8.015609770940699264e+00
8.015609770940699264e+00
8.015609770940699264e+00
8.015609770940699264e+00
8.015609770940699264e+00
8.015609770940699264e+00
8.015609770940699264e+00
8.015609770940699264e+00
8.015609770940699264e+00
8.015609770940699264e+00
8.015609770940699264e+00
8.015609770940699264e+00
8.015609770940699264e+00
8.077747210701755165e+00
8.077747210701755165e+00
8.077747210701755165e+00
8.077747210701755165e+00
8.077747210701755165e+00
8.077747210701755165e+00
8.077747210701755165e+00
8.077747210701755165e+00
8.077747210701755165e+00
8.077747210701755165e+00
8.077747210701755165e+00
8.077747210701755165e+00
8.077747210701755165e+00
8.077747210701755165e+00
8.077747210701755165e+00
8.077747210701755165e+00
8.077747210701755165e+00
8.077747210701755165e+00
8.077747210701755165e+00
8.077747210701755165e+00
8.077747210701755165e+00
8.077747210701755165e+00
8.077747210701755165e+00
8.077747210701755165e+00
8.077747210701755165e+00
8.077747210701755165e+00
8.077747210701755165e+00
8.077747210701755165e+00
8.077747210701755165e+00
8.077747210701755165e+00
8.077747210701755165e+00
8.077747210701755165e+00
8.077747210701755165e+00
8.077747210701755165e+00
8.077747210701755165e+00
8.077747210701755165e+00
8.077747210701755165e+00
8.077747210701755165e+00
8.077747210701755165e+00
8.077747210701755165e+00
8.077747210701755165e+00
8.077747210701755165e+00
8.077747210701755165e+00
8.077747210701755165e+00
8.077747210701755165e+00
8.077747210701755165e+00
8.077747210701755165e+00
8.077747210701755165e+00
8.077747210701755165e+00
8.077747210701755165e+00
8.077747210701755165e+00
8.077747210701755165e+00
8.139410298049853054e+00
8.139410298049853054e+00
8.139410298049853054e+00
8.139410298049853054e+00
8.139410298049853054e+00
8.139410298049853054e+00
8.139410298049853054e+00
8.139410298049853054e+00
8.139410298049853054e+00
8.139410298049853054e+00
8.139410298049853054e+00
8.139410298049853054e+00
8.139410298049853054e+00
8.139410298049853054e+00
8.139410298049853054e+00
8.139410298049853054e+00
8.200609733428363413e+00
8.200609733428363413e+00
8.200609733428363413e+00
8.200609733428363413e+00
8.200609733428363413e+00
8.200609733428363413e+00
8.200609733428363413e+00
8.200609733428363413e+00
8.200609733428363413e+00
8.200609733428363413e+00
8.200609733428363413e+00
8.200609733428363413e+00
8.200609733428363413e+00
8.200609733428363413e+00
8.200609733428363413e+00
8.200609733428363413e+00
8.200609733428363413e+00
8.200609733428363413e+00
8.200609733428363413e+00
8.200609733428363413e+00
8.200609733428363413e+00
8.200609733428363413e+00
8.200609733428363413e+00
8.200609733428363413e+00
8.200609733428363413e+00
8.200609733428363413e+00
8.200609733428363413e+00
8.200609733428363413e+00
8.200609733428363413e+00
8.200609733428363413e+00
8.200609733428363413e+00
8.200609733428363413e+00
8.200609733428363413e+00
8.200609733428363413e+00
8.200609733428363413e+00
8.200609733428363413e+00
8.200609733428363413e+00
8.200609733428363413e+00
8.200609733428363413e+00
8.200609733428363413e+00
8.200609733428363413e+00
8.200609733428363413e+00
8.200609733428363413e+00
8.200609733428363413e+00
8.200609733428363413e+00
8.200609733428363413e+00
8.200609733428363413e+00
8.200609733428363413e+00
8.200609733428363413e+00
8.200609733428363413e+00
8.200609733428363413e+00
8.200609733428363413e+00
8.200609733428363413e+00
8.200609733428363413e+00
8.200609733428363413e+00
8.200609733428363413e+00
8.200609733428363413e+00
8.200609733428363413e+00
8.200609733428363413e+00
8.200609733428363413e+00
8.200609733428363413e+00
8.200609733428363413e+00
8.200609733428363413e+00
8.200609733428363413e+00
8.200609733428363413e+00
8.200609733428363413e+00
8.200609733428363413e+00
8.200609733428363413e+00
8.200609733428363413e+00
8.200609733428363413e+00
8.200609733428363413e+00
8.200609733428363413e+00
8.261355820929152216e+00
8.261355820929152216e+00
8.261355820929152216e+00
8.261355820929152216e+00
8.261355820929152216e+00
8.261355820929152216e+00
8.261355820929152216e+00
8.261355820929152216e+00
8.261355820929152216e+00
8.261355820929152216e+00
8.261355820929152216e+00
8.261355820929152216e+00
8.261355820929152216e+00
8.261355820929152216e+00
8.261355820929152216e+00
8.261355820929152216e+00
8.321658488546619381e+00
8.321658488546619381e+00
8.321658488546619381e+00
8.321658488546619381e+00
8.321658488546619381e+00
8.321658488546619381e+00
8.321658488546619381e+00
8.321658488546619381e+00
8.321658488546619381e+00
8.321658488546619381e+00
8.321658488546619381e+00
8.321658488546619381e+00
8.321658488546619381e+00
8.321658488546619381e+00
8.321658488546619381e+00
8.321658488546619381e+00
8.381527307120105519e+00
8.381527307120105519e+00
8.381527307120105519e+00
8.381527307120105519e+00
8.381527307120105519e+00
8.381527307120105519e+00
8.381527307120105519e+00
8.381527307120105519e+00
8.381527307120105519e+00
8.381527307120105519e+00
8.381527307120105519e+00
8.381527307120105519e+00
8.381527307120105519e+00
8.381527307120105519e+00
8.381527307120105519e+00
8.381527307120105519e+00
8.381527307120105519e+00
8.381527307120105519e+00
8.381527307120105519e+00
8.381527307120105519e+00
8.381527307120105519e+00
8.381527307120105519e+00
8.381527307120105519e+00
8.381527307120105519e+00
8.381527307120105519e+00
8.381527307120105519e+00
8.381527307120105519e+00
8.381527307120105519e+00
8.381527307120105519e+00
8.381527307120105519e+00
8.381527307120105519e+00
8.381527307120105519e+00
8.381527307120105519e+00
8.381527307120105519e+00
8.381527307120105519e+00
8.381527307120105519e+00
8.381527307120105519e+00
8.381527307120105519e+00
8.381527307120105519e+00
8.381527307120105519e+00
8.381527307120105519e+00
8.381527307120105519e+00
8.381527307120105519e+00
8.381527307120105519e+00
8.381527307120105519e+00
8.381527307120105519e+00
8.381527307120105519e+00
8.381527307120105519e+00
8.381527307120105519e+00
8.381527307120105519e+00
8.381527307120105519e+00
8.381527307120105519e+00
8.381527307120105519e+00
8.381527307120105519e+00
8.381527307120105519e+00
8.381527307120105519e+00
8.440971508067066864e+00
8.440971508067066864e+00
8.440971508067066864e+00
8.440971508067066864e+00
8.440971508067066864e+00
8.440971508067066864e+00
8.440971508067066864e+00
8.440971508067066864e+00
8.440971508067066864e+00
8.440971508067066864e+00
8.440971508067066864e+00
8.440971508067066864e+00
8.440971508067066864e+00
8.440971508067066864e+00
8.440971508067066864e+00
8.440971508067066864e+00
8.440971508067066864e+00
8.440971508067066864e+00
8.440971508067066864e+00
8.440971508067066864e+00
8.440971508067066864e+00
8.440971508067066864e+00
8.440971508067066864e+00
8.440971508067066864e+00
8.440971508067066864e+00
8.440971508067066864e+00
8.440971508067066864e+00
8.440971508067066864e+00
8.440971508067066864e+00
8.440971508067066864e+00
8.440971508067066864e+00
8.440971508067066864e+00
8.440971508067066864e+00
8.440971508067066864e+00
8.440971508067066864e+00
8.440971508067066864e+00
8.440971508067066864e+00
8.440971508067066864e+00
8.440971508067066864e+00
8.440971508067066864e+00
8.440971508067066864e+00
8.440971508067066864e+00
8.440971508067066864e+00
8.440971508067066864e+00
8.440971508067066864e+00
8.440971508067066864e+00
8.440971508067066864e+00
8.440971508067066864e+00
8.500000000000000000e+00
8.500000000000000000e+00
8.500000000000000000e+00
8.500000000000000000e+00
8.500000000000000000e+00
8.500000000000000000e+00
8.500000000000000000e+00
8.500000000000000000e+00
8.500000000000000000e+00
8.500000000000000000e+00
8.500000000000000000e+00
8.500000000000000000e+00
8.500000000000000000e+00
8.500000000000000000e+00
8.500000000000000000e+00
8.500000000000000000e+00
8.500000000000000000e+00
8.500000000000000000e+00
8.500000000000000000e+00
8.500000000000000000e+00
8.500000000000000000e+00
8.500000000000000000e+00
8.500000000000000000e+00
8.500000000000000000e+00
8.500000000000000000e+00
8.500000000000000000e+00
8.500000000000000000e+00
8.500000000000000000e+00
8.558621384311845048e+00
8.558621384311845048e+00
8.558621384311845048e+00
8.558621384311845048e+00
8.558621384311845048e+00
8.558621384311845048e+00
8.558621384311845048e+00
8.558621384311845048e+00
8.558621384311845048e+00
8.558621384311845048e+00
8.558621384311845048e+00
8.558621384311845048e+00
8.558621384311845048e+00
8.558621384311845048e+00
8.558621384311845048e+00
8.558621384311845048e+00
8.558621384311845048e+00
8.558621384311845048e+00
8.558621384311845048e+00
8.558621384311845048e+00
8.558621384311845048e+00
8.558621384311845048e+00
8.558621384311845048e+00
8.558621384311845048e+00
8.558621384311845048e+00
8.558621384311845048e+00
8.558621384311845048e+00
8.558621384311845048e+00
8.558621384311845048e+00
8.558621384311845048e+00
8.558621384311845048e+00
8.558621384311845048e+00
8.558621384311845048e+00
8.558621384311845048e+00
8.558621384311845048e+00
8.558621384311845048e+00
8.558621384311845048e+00
8.558621384311845048e+00
8.558621384311845048e+00
8.558621384311845048e+00
8.616843969807042924e+00
8.616843969807042924e+00
8.616843969807042924e+00
8.616843969807042924e+00
8.616843969807042924e+00
8.616843969807042924e+00
8.616843969807042924e+00
8.616843969807042924e+00
8.616843969807042924e+00
8.616843969807042924e+00
8.616843969807042924e+00
8.616843969807042924e+00
8.616843969807042924e+00
8.616843969807042924e+00
8.616843969807042924e+00
8.616843969807042924e+00
8.616843969807042924e+00
8.616843969807042924e+00
8.616843969807042924e+00
8.616843969807042924e+00
8.616843969807042924e+00
8.616843969807042924e+00
8.616843969807042924e+00
8.616843969807042924e+00
8.616843969807042924e+00
8.616843969807042924e+00
8.616843969807042924e+00
8.616843969807042924e+00
8.616843969807042924e+00
8.616843969807042924e+00
8.616843969807042924e+00
8.616843969807042924e+00
8.616843969807042924e+00
8.616843969807042924e+00
8.616843969807042924e+00
8.616843969807042924e+00
8.674675786448736048e+00
8.674675786448736048e+00
8.674675786448736048e+00
8.674675786448736048e+00
8.674675786448736048e+00
8.674675786448736048e+00
8.674675786448736048e+00
8.674675786448736048e+00
8.674675786448736048e+00
8.674675786448736048e+00
8.674675786448736048e+00
8.674675786448736048e+00
8.674675786448736048e+00
8.674675786448736048e+00
8.674675786448736048e+00
8.674675786448736048e+00
8.732124598286489459e+00
8.732124598286489459e+00
8.732124598286489459e+00
8.732124598286489459e+00
8.732124598286489459e+00
8.732124598286489459e+00
8.732124598286489459e+00
8.732124598286489459e+00
8.732124598286489459e+00
8.732124598286489459e+00
8.732124598286489459e+00
8.732124598286489459e+00
8.732124598286489459e+00
8.732124598286489459e+00
8.732124598286489459e+00
8.732124598286489459e+00
8.732124598286489459e+00
8.732124598286489459e+00
8.732124598286489459e+00
8.732124598286489459e+00
8.732124598286489459e+00
8.732124598286489459e+00
8.732124598286489459e+00
8.732124598286489459e+00
8.732124598286489459e+00
8.732124598286489459e+00
8.732124598286489459e+00
8.732124598286489459e+00
8.732124598286489459e+00
8.732124598286489459e+00
8.732124598286489459e+00
8.732124598286489459e+00
8.732124598286489459e+00
8.732124598286489459e+00
8.732124598286489459e+00
8.732124598286489459e+00
8.732124598286489459e+00
8.732124598286489459e+00
8.732124598286489459e+00
8.732124598286489459e+00
8.789197915623473634e+00
8.789197915623473634e+00
8.789197915623473634e+00
8.789197915623473634e+00
8.789197915623473634e+00
8.789197915623473634e+00
8.789197915623473634e+00
8.789197915623473634e+00
8.789197915623473634e+00
8.789197915623473634e+00
8.789197915623473634e+00
8.789197915623473634e+00
8.789197915623473634e+00
8.789197915623473634e+00
8.789197915623473634e+00
8.789197915623473634e+00
8.845903006477065844e+00
8.845903006477065844e+00
8.845903006477065844e+00
8.845903006477065844e+00
8.845903006477065844e+00
8.845903006477065844e+00
8.845903006477065844e+00
8.845903006477065844e+00
8.845903006477065844e+00
8.845903006477065844e+00
8.845903006477065844e+00
8.845903006477065844e+00
8.845903006477065844e+00
8.845903006477065844e+00
8.845903006477065844e+00
8.845903006477065844e+00
8.845903006477065844e+00
8.845903006477065844e+00
8.845903006477065844e+00
8.845903006477065844e+00
8.845903006477065844e+00
8.845903006477065844e+00
8.845903006477065844e+00
8.845903006477065844e+00
8.845903006477065844e+00
8.845903006477065844e+00
8.845903006477065844e+00
8.845903006477065844e+00
8.845903006477065844e+00
8.845903006477065844e+00
8.845903006477065844e+00
8.845903006477065844e+00
8.902246907382428631e+00
8.902246907382428631e+00
8.902246907382428631e+00
8.902246907382428631e+00
8.902246907382428631e+00
8.902246907382428631e+00
8.902246907382428631e+00
8.902246907382428631e+00
8.902246907382428631e+00
8.902246907382428631e+00
8.902246907382428631e+00
8.902246907382428631e+00
8.902246907382428631e+00
8.902246907382428631e+00
8.902246907382428631e+00
8.902246907382428631e+00
8.902246907382428631e+00
8.902246907382428631e+00
8.902246907382428631e+00
8.902246907382428631e+00
8.902246907382428631e+00
8.902246907382428631e+00
8.902246907382428631e+00
8.902246907382428631e+00
8.958236433584458425e+00
8.958236433584458425e+00
8.958236433584458425e+00
8.958236433584458425e+00
8.958236433584458425e+00
8.958236433584458425e+00
8.958236433584458425e+00
8.958236433584458425e+00
8.958236433584458425e+00
8.958236433584458425e+00
8.958236433584458425e+00
8.958236433584458425e+00
8.958236433584458425e+00
8.958236433584458425e+00
8.958236433584458425e+00
8.958236433584458425e+00
8.958236433584458425e+00
8.958236433584458425e+00
8.958236433584458425e+00
8.958236433584458425e+00
8.958236433584458425e+00
8.958236433584458425e+00
8.958236433584458425e+00
8.958236433584458425e+00
8.958236433584458425e+00
8.958236433584458425e+00
8.958236433584458425e+00
8.958236433584458425e+00
8.958236433584458425e+00
8.958236433584458425e+00
8.958236433584458425e+00
8.958236433584458425e+00
8.958236433584458425e+00
8.958236433584458425e+00
8.958236433584458425e+00
8.958236433584458425e+00
8.958236433584458425e+00
8.958236433584458425e+00
8.958236433584458425e+00
8.958236433584458425e+00
9.013878188659973034e+00
9.013878188659973034e+00
9.013878188659973034e+00
9.013878188659973034e+00
9.013878188659973034e+00
9.013878188659973034e+00
9.013878188659973034e+00
9.013878188659973034e+00
9.013878188659973034e+00
9.013878188659973034e+00
9.013878188659973034e+00
9.013878188659973034e+00
9.013878188659973034e+00
9.013878188659973034e+00
9.013878188659973034e+00
9.013878188659973034e+00
9.013878188659973034e+00
9.013878188659973034e+00
9.013878188659973034e+00
9.013878188659973034e+00
9.013878188659973034e+00
9.013878188659973034e+00
9.013878188659973034e+00
9.013878188659973034e+00
9.013878188659973034e+00
9.013878188659973034e+00
9.013878188659973034e+00
9.013878188659973034e+00
9.069178573608526861e+00
9.069178573608526861e+00
9.069178573608526861e+00
9.069178573608526861e+00
9.069178573608526861e+00
9.069178573608526861e+00
9.069178573608526861e+00
9.069178573608526861e+00
9.069178573608526861e+00
9.069178573608526861e+00
9.069178573608526861e+00
9.069178573608526861e+00
9.069178573608526861e+00
9.069178573608526861e+00
9.069178573608526861e+00
9.069178573608526861e+00
9.069178573608526861e+00
9.069178573608526861e+00
9.069178573608526861e+00
9.069178573608526861e+00
9.069178573608526861e+00
9.069178573608526861e+00
9.069178573608526861e+00
9.069178573608526861e+00
9.069178573608526861e+00
9.069178573608526861e+00
9.069178573608526861e+00
9.069178573608526861e+00
9.069178573608526861e+00
9.069178573608526861e+00
9.069178573608526861e+00
9.069178573608526861e+00
9.069178573608526861e+00
9.069178573608526861e+00
9.069178573608526861e+00
9.069178573608526861e+00
9.069178573608526861e+00
9.069178573608526861e+00
9.069178573608526861e+00
9.069178573608526861e+00
9.124143795447329452e+00
9.124143795447329452e+00
9.124143795447329452e+00
9.124143795447329452e+00
9.124143795447329452e+00
9.124143795447329452e+00
9.124143795447329452e+00
9.124143795447329452e+00
9.124143795447329452e+00
9.124143795447329452e+00
9.124143795447329452e+00
9.124143795447329452e+00
9.124143795447329452e+00
9.124143795447329452e+00
9.124143795447329452e+00
9.124143795447329452e+00
9.124143795447329452e+00
9.124143795447329452e+00
9.124143795447329452e+00
9.124143795447329452e+00
9.124143795447329452e+00
9.124143795447329452e+00
9.124143795447329452e+00
9.124143795447329452e+00
9.124143795447329452e+00
9.124143795447329452e+00
9.124143795447329452e+00
9.124143795447329452e+00
9.124143795447329452e+00
9.124143795447329452e+00
9.124143795447329452e+00
9.124143795447329452e+00
9.178779875342909733e+00
9.178779875342909733e+00
9.178779875342909733e+00
9.178779875342909733e+00
9.178779875342909733e+00
9.178779875342909733e+00
9.178779875342909733e+00
9.178779875342909733e+00
9.233092656309693780e+00
9.233092656309693780e+00
9.233092656309693780e+00
9.233092656309693780e+00
9.233092656309693780e+00
9.233092656309693780e+00
9.233092656309693780e+00
9.233092656309693780e+00
9.233092656309693780e+00
9.233092656309693780e+00
9.233092656309693780e+00
9.233092656309693780e+00
9.233092656309693780e+00
9.233092656309693780e+00
9.233092656309693780e+00
9.233092656309693780e+00
9.233092656309693780e+00
9.233092656309693780e+00
9.233092656309693780e+00
9.233092656309693780e+00
9.233092656309693780e+00
9.233092656309693780e+00
9.233092656309693780e+00
9.233092656309693780e+00
9.233092656309693780e+00
9.233092656309693780e+00
9.233092656309693780e+00
9.233092656309693780e+00
9.233092656309693780e+00
9.233092656309693780e+00
9.233092656309693780e+00
9.233092656309693780e+00
9.233092656309693780e+00
9.233092656309693780e+00
9.233092656309693780e+00
9.233092656309693780e+00
9.233092656309693780e+00
9.233092656309693780e+00
9.233092656309693780e+00
9.233092656309693780e+00
9.287087810503354746e+00
9.287087810503354746e+00
9.287087810503354746e+00
9.287087810503354746e+00
9.287087810503354746e+00
9.287087810503354746e+00
9.287087810503354746e+00
9.287087810503354746e+00
9.287087810503354746e+00
9.287087810503354746e+00
9.287087810503354746e+00
9.287087810503354746e+00
9.287087810503354746e+00
9.287087810503354746e+00
9.287087810503354746e+00
9.287087810503354746e+00
9.340770846134702765e+00
9.340770846134702765e+00
9.340770846134702765e+00
9.340770846134702765e+00
9.340770846134702765e+00
9.340770846134702765e+00
9.340770846134702765e+00
9.340770846134702765e+00
9.340770846134702765e+00
9.340770846134702765e+00
9.340770846134702765e+00
9.340770846134702765e+00
9.340770846134702765e+00
9.340770846134702765e+00
9.340770846134702765e+00
9.340770846134702765e+00
9.340770846134702765e+00
9.340770846134702765e+00
9.340770846134702765e+00
9.340770846134702765e+00
9.340770846134702765e+00
9.340770846134702765e+00
9.340770846134702765e+00
9.340770846134702765e+00
9.340770846134702765e+00
9.340770846134702765e+00
9.340770846134702765e+00
9.340770846134702765e+00
9.340770846134702765e+00
9.340770846134702765e+00
9.340770846134702765e+00
9.340770846134702765e+00
9.394147114027967760e+00
9.394147114027967760e+00
9.394147114027967760e+00
9.394147114027967760e+00
9.394147114027967760e+00
9.394147114027967760e+00
9.394147114027967760e+00
9.394147114027967760e+00
9.394147114027967760e+00
9.394147114027967760e+00
9.394147114027967760e+00
9.394147114027967760e+00
9.394147114027967760e+00
9.394147114027967760e+00
9.394147114027967760e+00
9.394147114027967760e+00
9.394147114027967760e+00
9.394147114027967760e+00
9.394147114027967760e+00
9.394147114027967760e+00
9.500000000000000000e+00
9.500000000000000000e+00
9.500000000000000000e+00
9.500000000000000000e+00
9.500000000000000000e+00
9.500000000000000000e+00
9.500000000000000000e+00
9.500000000000000000e+00
9.552486587271399543e+00
9.552486587271399543e+00
9.552486587271399543e+00
9.552486587271399543e+00
9.552486587271399543e+00
9.552486587271399543e+00
9.552486587271399543e+00
9.552486587271399543e+00
9.552486587271399543e+00
9.552486587271399543e+00
9.552486587271399543e+00
9.552486587271399543e+00
9.552486587271399543e+00
9.552486587271399543e+00
9.552486587271399543e+00
9.552486587271399543e+00
9.552486587271399543e+00
9.552486587271399543e+00
9.552486587271399543e+00
9.552486587271399543e+00
9.552486587271399543e+00
9.552486587271399543e+00
9.552486587271399543e+00
9.552486587271399543e+00
9.552486587271399543e+00
9.552486587271399543e+00
9.552486587271399543e+00
9.552486587271399543e+00
9.552486587271399543e+00
9.552486587271399543e+00
9.552486587271399543e+00
9.552486587271399543e+00
9.552486587271399543e+00
9.552486587271399543e+00
9.552486587271399543e+00
9.552486587271399543e+00
9.552486587271399543e+00
9.552486587271399543e+00
9.552486587271399543e+00
9.552486587271399543e+00
9.604686356149272797e+00
9.604686356149272797e+00
9.604686356149272797e+00
9.604686356149272797e+00
9.604686356149272797e+00
9.604686356149272797e+00
9.604686356149272797e+00
9.604686356149272797e+00
9.604686356149272797e+00
9.604686356149272797e+00
9.604686356149272797e+00
9.604686356149272797e+00
9.604686356149272797e+00
9.604686356149272797e+00
9.604686356149272797e+00
9.604686356149272797e+00
9.604686356149272797e+00
9.604686356149272797e+00
9.604686356149272797e+00
9.604686356149272797e+00
9.604686356149272797e+00
9.604686356149272797e+00
9.604686356149272797e+00
9.604686356149272797e+00
9.604686356149272797e+00
9.604686356149272797e+00
9.604686356149272797e+00
9.604686356149272797e+00
9.604686356149272797e+00
9.604686356149272797e+00
9.604686356149272797e+00
9.604686356149272797e+00
9.604686356149272797e+00
9.604686356149272797e+00
9.604686356149272797e+00
9.604686356149272797e+00
9.656603957913983294e+00
9.656603957913983294e+00
9.656603957913983294e+00
9.656603957913983294e+00
9.656603957913983294e+00
9.656603957913983294e+00
9.656603957913983294e+00
9.656603957913983294e+00
9.708243919473799721e+00
9.708243919473799721e+00
9.708243919473799721e+00
9.708243919473799721e+00
9.708243919473799721e+00
9.708243919473799721e+00
9.708243919473799721e+00
9.708243919473799721e+00
9.708243919473799721e+00
9.708243919473799721e+00
9.708243919473799721e+00
9.708243919473799721e+00
9.708243919473799721e+00
9.708243919473799721e+00
9.708243919473799721e+00
9.708243919473799721e+00
9.708243919473799721e+00
9.708243919473799721e+00
9.708243919473799721e+00
9.708243919473799721e+00
9.708243919473799721e+00
9.708243919473799721e+00
9.708243919473799721e+00
9.708243919473799721e+00
9.708243919473799721e+00
9.708243919473799721e+00
9.708243919473799721e+00
9.708243919473799721e+00
9.708243919473799721e+00
9.708243919473799721e+00
9.708243919473799721e+00
9.708243919473799721e+00
9.759610647971568298e+00
9.759610647971568298e+00
9.759610647971568298e+00
9.759610647971568298e+00
9.759610647971568298e+00
9.759610647971568298e+00
9.759610647971568298e+00
9.759610647971568298e+00
9.759610647971568298e+00
9.759610647971568298e+00
9.759610647971568298e+00
9.759610647971568298e+00
9.759610647971568298e+00
9.759610647971568298e+00
9.759610647971568298e+00
9.759610647971568298e+00
9.759610647971568298e+00
9.759610647971568298e+00
9.759610647971568298e+00
9.759610647971568298e+00
9.759610647971568298e+00
9.759610647971568298e+00
9.759610647971568298e+00
9.759610647971568298e+00
9.759610647971568298e+00
9.759610647971568298e+00
9.759610647971568298e+00
9.759610647971568298e+00
9.759610647971568298e+00
9.759610647971568298e+00
9.759610647971568298e+00
9.759610647971568298e+00
9.810708435174291253e+00
9.810708435174291253e+00
9.810708435174291253e+00
9.810708435174291253e+00
9.810708435174291253e+00
9.810708435174291253e+00
9.810708435174291253e+00
9.810708435174291253e+00
9.861541461658010377e+00
9.861541461658010377e+00
9.861541461658010377e+00
9.861541461658010377e+00
9.861541461658010377e+00
9.861541461658010377e+00
9.861541461658010377e+00
9.861541461658010377e+00
9.861541461658010377e+00
9.861541461658010377e+00
9.861541461658010377e+00
9.861541461658010377e+00
9.861541461658010377e+00
9.861541461658010377e+00
9.861541461658010377e+00
9.861541461658010377e+00
9.861541461658010377e+00
9.861541461658010377e+00
9.861541461658010377e+00
9.861541461658010377e+00
9.861541461658010377e+00
9.861541461658010377e+00
9.861541461658010377e+00
9.861541461658010377e+00
9.912113800799504659e+00
9.912113800799504659e+00
9.912113800799504659e+00
9.912113800799504659e+00
9.912113800799504659e+00
9.912113800799504659e+00
9.912113800799504659e+00
9.912113800799504659e+00
1.001249219725039374e+01
1.001249219725039374e+01
1.001249219725039374e+01
1.001249219725039374e+01
1.001249219725039374e+01
1.001249219725039374e+01
1.001249219725039374e+01
1.001249219725039374e+01
1.001249219725039374e+01
1.001249219725039374e+01
1.001249219725039374e+01
1.001249219725039374e+01
1.001249219725039374e+01
1.001249219725039374e+01
1.001249219725039374e+01
1.001249219725039374e+01
1.001249219725039374e+01
1.001249219725039374e+01
1.001249219725039374e+01
1.001249219725039374e+01
1.001249219725039374e+01
1.001249219725039374e+01
1.001249219725039374e+01
1.001249219725039374e+01
1.006230589874905412e+01
1.006230589874905412e+01
1.006230589874905412e+01
1.006230589874905412e+01
1.006230589874905412e+01
1.006230589874905412e+01
1.006230589874905412e+01
1.006230589874905412e+01
1.011187420807834236e+01
1.011187420807834236e+01
1.011187420807834236e+01
1.011187420807834236e+01
1.011187420807834236e+01
1.011187420807834236e+01
1.011187420807834236e+01
1.011187420807834236e+01
1.016120071645078760e+01
1.016120071645078760e+01
1.016120071645078760e+01
1.016120071645078760e+01
1.016120071645078760e+01
1.016120071645078760e+01
1.016120071645078760e+01
1.016120071645078760e+01
1.016120071645078760e+01
1.016120071645078760e+01
1.016120071645078760e+01
1.016120071645078760e+01
1.016120071645078760e+01
1.016120071645078760e+01
1.016120071645078760e+01
1.016120071645078760e+01
1.021028892833106916e+01
1.021028892833106916e+01
1.021028892833106916e+01
1.021028892833106916e+01
1.021028892833106916e+01
1.021028892833106916e+01
1.021028892833106916e+01
1.021028892833106916e+01
1.021028892833106916e+01
1.021028892833106916e+01
1.021028892833106916e+01
1.021028892833106916e+01
1.021028892833106916e+01
1.021028892833106916e+01
1.021028892833106916e+01
1.021028892833106916e+01
1.021028892833106916e+01
1.021028892833106916e+01
1.021028892833106916e+01
1.021028892833106916e+01
1.021028892833106916e+01
1.021028892833106916e+01
1.021028892833106916e+01
1.021028892833106916e+01
1.025914226434159637e+01
1.025914226434159637e+01
1.025914226434159637e+01
1.025914226434159637e+01
1.025914226434159637e+01
1.025914226434159637e+01
1.025914226434159637e+01
1.025914226434159637e+01
1.025914226434159637e+01
1.025914226434159637e+01
1.025914226434159637e+01
1.025914226434159637e+01
1.025914226434159637e+01
1.025914226434159637e+01
1.025914226434159637e+01
1.025914226434159637e+01
1.025914226434159637e+01
1.025914226434159637e+01
1.025914226434159637e+01
1.025914226434159637e+01
1.030776406404415191e+01
1.030776406404415191e+01
1.030776406404415191e+01
1.030776406404415191e+01
1.030776406404415191e+01
1.030776406404415191e+01
1.030776406404415191e+01
1.030776406404415191e+01
1.030776406404415191e+01
1.030776406404415191e+01
1.030776406404415191e+01
1.030776406404415191e+01
1.035615758860399005e+01
1.035615758860399005e+01
1.035615758860399005e+01
1.035615758860399005e+01
1.035615758860399005e+01
1.035615758860399005e+01
1.035615758860399005e+01
1.035615758860399005e+01
1.035615758860399005e+01
1.035615758860399005e+01
1.035615758860399005e+01
1.035615758860399005e+01
1.035615758860399005e+01
1.035615758860399005e+01
1.035615758860399005e+01
1.035615758860399005e+01
1.040432602334240642e+01
1.040432602334240642e+01
1.040432602334240642e+01
1.040432602334240642e+01
1.040432602334240642e+01
1.040432602334240642e+01
1.040432602334240642e+01
1.040432602334240642e+01
1.045227248018343680e+01
1.045227248018343680e+01
1.045227248018343680e+01
1.045227248018343680e+01
1.045227248018343680e+01
1.045227248018343680e+01
1.045227248018343680e+01
1.045227248018343680e+01
1.050000000000000000e+01
1.050000000000000000e+01
1.050000000000000000e+01
1.050000000000000000e+01
1.050000000000000000e+01
1.050000000000000000e+01
1.050000000000000000e+01
1.050000000000000000e+01
1.068877916321597432e+01
1.068877916321597432e+01
1.068877916321597432e+01
1.068877916321597432e+01
1.068877916321597432e+01
1.068877916321597432e+01
1.068877916321597432e+01
1.068877916321597432e+01
1.068877916321597432e+01
1.068877916321597432e+01
1.068877916321597432e+01
1.068877916321597432e+01
1.068877916321597432e+01
1.068877916321597432e+01
1.068877916321597432e+01
1.068877916321597432e+01
1.073545527679194400e+01
1.073545527679194400e+01
1.073545527679194400e+01
1.073545527679194400e+01
1.073545527679194400e+01
1.073545527679194400e+01
1.073545527679194400e+01
1.073545527679194400e+01
1.073545527679194400e+01
1.073545527679194400e+01
1.073545527679194400e+01
1.073545527679194400e+01
1.073545527679194400e+01
1.073545527679194400e+01
1.073545527679194400e+01
1.073545527679194400e+01
1.078192932642391177e+01
1.078192932642391177e+01
1.078192932642391177e+01
1.078192932642391177e+01
1.078192932642391177e+01
1.078192932642391177e+01
1.078192932642391177e+01
1.078192932642391177e+01
1.078192932642391177e+01
1.078192932642391177e+01
1.078192932642391177e+01
1.078192932642391177e+01
1.078192932642391177e+01
1.078192932642391177e+01
1.078192932642391177e+01
1.078192932642391177e+01
1.082820391385385683e+01
1.082820391385385683e+01
1.082820391385385683e+01
1.082820391385385683e+01
1.082820391385385683e+01
1.082820391385385683e+01
1.082820391385385683e+01
1.082820391385385683e+01
1.087428158546577350e+01
1.087428158546577350e+01
1.087428158546577350e+01
1.087428158546577350e+01
1.087428158546577350e+01
1.087428158546577350e+01
1.087428158546577350e+01
1.087428158546577350e+01
1.101135777277261951e+01
1.101135777277261951e+01
1.101135777277261951e+01
1.101135777277261951e+01
1.101135777277261951e+01
1.101135777277261951e+01
1.101135777277261951e+01
1.101135777277261951e+01
1.128051417267847789e+01
1.128051417267847789e+01
1.128051417267847789e+01
1.128051417267847789e+01
1.128051417267847789e+01
1.128051417267847789e+01
1.128051417267847789e+01
1.128051417267847789e+01
1.128051417267847789e+01
1.128051417267847789e+01
1.128051417267847789e+01
1.128051417267847789e+01
1.128051417267847789e+01
1.128051417267847789e+01
1.128051417267847789e+01
1.128051417267847789e+01
1.132475165290612473e+01
1.132475165290612473e+01
1.132475165290612473e+01
1.132475165290612473e+01
1.132475165290612473e+01
1.132475165290612473e+01
1.132475165290612473e+01
1.132475165290612473e+01
1.132475165290612473e+01
1.132475165290612473e+01
1.132475165290612473e+01
1.132475165290612473e+01
1.141271221051332674e+01
1.141271221051332674e+01
1.141271221051332674e+01
1.141271221051332674e+01
1.141271221051332674e+01
1.141271221051332674e+01
1.141271221051332674e+01
1.141271221051332674e+01
1.184271928232701043e+01
1.184271928232701043e+01
1.184271928232701043e+01
1.184271928232701043e+01
1.184271928232701043e+01
1.184271928232701043e+01
1.184271928232701043e+01
1.184271928232701043e+01
1.188486432400471315e+01
1.188486432400471315e+01
1.188486432400471315e+01
1.188486432400471315e+01
1.188486432400471315e+01
1.188486432400471315e+01
1.188486432400471315e+01
1.188486432400471315e+01
1.241974234837422131e+01
1.241974234837422131e+01
1.241974234837422131e+01
1.241974234837422131e+01
