&CONTROL
calculation = 'bands'
title = 'T320_ts3000'
pseudo_dir = '/global/homes/d/d_abram/dft/pseudos'
etot_conv_thr = 1.0D-3
outdir = '/global/cscratch1/sd/d_abram/T320dft/T320_ts3000_out'
/
&SYSTEM
ibrav = 0
ecutwfc = 50
nat = 96
ntyp = 5
nbnd = 700
lspinorb = .true.
noncolin = .true.
occupations = 'fixed'
/

&ELECTRONS
mixing_mode = 'plain'
conv_thr = 1.0D-4
/
CELL_PARAMETERS angstrom
12.55602 0.0 0.0
0.0 12.633295 0.0
0.0 0.0 12.55602

ATOMIC_SPECIES
 H 1.008 h_srl_gga.upf
 C 12.01 c_srl_gga.upf
 N 14.01 n_srl_gga.upf
 Pb 207.2 pb_frl_gga.upf
 I 126.9 i_frl_gga.upf

ATOMIC_POSITIONS angstrom
 Pb 0.360742 0.260191 12.4846
 I 3.33093 12.1731 12.3244
 I 0.438013 3.15874 12.4737
 I 0.193305 0.0585046 2.94228
 H 4.09535 2.40006 2.64058
 H 3.16256 1.91771 3.99318
 H 4.35076 3.14739 4.0946
 N 3.64187 2.71621 3.54353
 C 2.622 3.70851 3.34953
 H 2.00215 3.295 2.49872
 H 2.00639 3.73217 4.30211
 H 3.10793 4.72779 3.17687
 Pb 12.4968 0.122975 6.16132
 I 3.1547 0.0414002 6.30217
 I 12.4482 3.18913 6.00145
 I 0.0612572 12.6093 9.33761
 H 2.61865 2.13763 8.38545
 H 1.47228 3.27796 8.89348
 H 2.82061 3.93806 8.21236
 N 2.45066 3.10022 8.7826
 C 3.19827 3.13265 10.0503
 H 2.86017 4.04334 10.4742
 H 4.27622 3.18824 9.90325
 H 2.95449 2.18999 10.6291
 Pb 0.191707 6.31571 0.140129
 I 3.1383 6.68685 0.0803281
 I 12.2835 9.44047 12.4055
 I 0.0949439 6.56667 3.29175
 H 3.62522 8.79025 1.73432
 H 3.94531 10.4372 2.30505
 H 4.39679 9.08484 3.19982
 N 3.69882 9.4619 2.53924
 C 2.35749 9.38937 3.12497
 H 2.44518 10.0913 3.93124
 H 2.27389 8.30824 3.39862
 H 1.59133 9.78478 2.40865
 Pb 12.4631 6.27509 6.43892
 I 3.05656 5.96563 6.78994
 I 12.4156 9.62167 6.11395
 I 12.3459 6.19726 9.47618
 H 3.8101 10.2999 10.0767
 H 4.42103 9.25564 8.91583
 H 3.79599 8.55581 10.2158
 N 3.70159 9.36711 9.60516
 C 2.38719 9.21948 8.88599
 H 2.38583 10.0181 8.17801
 H 2.21697 8.26486 8.3732
 H 1.70856 9.48488 9.72902
 Pb 6.28443 0.0283754 12.4625
 I 9.36125 0.597507 12.3042
 I 5.87811 3.09831 0.710807
 I 6.36209 11.9582 2.87957
 H 8.30705 2.66982 4.16245
 H 7.94743 3.20291 2.67153
 H 8.65554 1.62042 2.94098
 N 8.60876 2.6184 3.1828
 C 9.8686 3.24769 3.10192
 H 10.5813 2.52359 3.46988
 H 9.83807 4.0737 3.88097
 H 10.1665 3.58691 2.11498
 Pb 6.22026 0.0700145 6.32622
 I 9.40182 0.260284 6.14979
 I 6.26825 3.0309 5.78872
 I 6.32448 0.721115 9.38996
 H 8.00109 3.81666 9.71181
 H 8.34031 2.20086 9.51406
 H 8.76898 3.37408 8.47008
 N 8.74711 3.11392 9.42741
 C 10.0145 3.37523 10.1776
 H 9.60145 3.55318 11.1928
 H 10.6993 2.54178 10.1698
 H 10.3942 4.29134 9.80957
 Pb 6.34977 6.26622 0.0417022
 I 9.17504 5.92643 0.460659
 I 6.5842 9.49574 11.9038
 I 6.00216 6.7765 3.42021
 H 10.2263 7.92704 3.04008
 H 8.67369 8.53488 2.81519
 H 9.35857 8.55744 4.29435
 N 9.52502 8.70669 3.34723
 C 10.1611 10.0313 2.95026
 H 9.99628 10.2172 1.86929
 H 9.74885 10.9034 3.53714
 H 11.2111 9.94127 3.07819
 Pb 6.27644 6.07865 6.3292
 I 9.37127 6.12982 6.20806
 I 5.9472 9.37781 6.70107
 I 6.36927 5.6488 9.42121
 H 9.70419 11.2476 10.2016
 H 8.88256 9.97202 10.742
 H 10.5585 9.84316 10.6523
 N 9.70864 10.2246 10.1641
 C 9.63731 9.66649 8.77522
 H 8.77704 10.0589 8.33551
 H 9.57918 8.60828 8.78887
 H 10.4979 9.98189 8.10361

K_POINTS (crystal)
64
0.0 0.0 0.0 1.0
0.0 0.0 0.25 1.0
0.0 0.0 0.5 1.0
0.0 0.0 0.75 1.0
0.0 0.25 0.0 1.0
0.0 0.25 0.25 1.0
0.0 0.25 0.5 1.0
0.0 0.25 0.75 1.0
0.0 0.5 0.0 1.0
0.0 0.5 0.25 1.0
0.0 0.5 0.5 1.0
0.0 0.5 0.75 1.0
0.0 0.75 0.0 1.0
0.0 0.75 0.25 1.0
0.0 0.75 0.5 1.0
0.0 0.75 0.75 1.0
0.25 0.0 0.0 1.0
0.25 0.0 0.25 1.0
0.25 0.0 0.5 1.0
0.25 0.0 0.75 1.0
0.25 0.25 0.0 1.0
0.25 0.25 0.25 1.0
0.25 0.25 0.5 1.0
0.25 0.25 0.75 1.0
0.25 0.5 0.0 1.0
0.25 0.5 0.25 1.0
0.25 0.5 0.5 1.0
0.25 0.5 0.75 1.0
0.25 0.75 0.0 1.0
0.25 0.75 0.25 1.0
0.25 0.75 0.5 1.0
0.25 0.75 0.75 1.0
0.5 0.0 0.0 1.0
0.5 0.0 0.25 1.0
0.5 0.0 0.5 1.0
0.5 0.0 0.75 1.0
0.5 0.25 0.0 1.0
0.5 0.25 0.25 1.0
0.5 0.25 0.5 1.0
0.5 0.25 0.75 1.0
0.5 0.5 0.0 1.0
0.5 0.5 0.25 1.0
0.5 0.5 0.5 1.0
0.5 0.5 0.75 1.0
0.5 0.75 0.0 1.0
0.5 0.75 0.25 1.0
0.5 0.75 0.5 1.0
0.5 0.75 0.75 1.0
0.75 0.0 0.0 1.0
0.75 0.0 0.25 1.0
0.75 0.0 0.5 1.0
0.75 0.0 0.75 1.0
0.75 0.25 0.0 1.0
0.75 0.25 0.25 1.0
0.75 0.25 0.5 1.0
0.75 0.25 0.75 1.0
0.75 0.5 0.0 1.0
0.75 0.5 0.25 1.0
0.75 0.5 0.5 1.0
0.75 0.5 0.75 1.0
0.75 0.75 0.0 1.0
0.75 0.75 0.25 1.0
0.75 0.75 0.5 1.0
0.75 0.75 0.75 1.0