       0
       1
       9
      15
      31
      43
      59
      67
      99
     105
     129
     153
     169
     193
     241
     273
     285
     317
     347
     395
     419
     451
     475
     507
     515
     571
     595
     659
     707
     723
     787
     793
     857
     905
     937
     973
    1053
    1077
    1109
    1133
    1165
    1213
    1293
    1317
    1397
    1461
    1485
    1557
    1587
    1619
    1691
    1739
    1771
    1867
    1931
    2003
    2051
    2099
    2179
    2275
    2287
    2319
    2367
    2479
    2527
    2591
    2639
    2671
    2701
    2829
    2853
    2933
    3005
    3069
    3133
    3157
    3229
    3325
    3405
    3453
    3549
    3573
    3669
    3693
    3757
    3829
    3925
    3973
    4069
    4101
    4109
    4269
    4323
    4403
    4487
    4535
    4583
    4743
    4767
    4831
    4903
    4951
    5047
    5127
    5223
    5271
    5335
    5383
    5543
    5567
    5711
    5783
    5847
    5935
    6007
    6103
    6199
    6295
    6423
    6429
    6493
    6589
    6637
    6733
    6893
    6917
    7045
    7093
    7189
    7285
    7397
    7445
    7509
    7605
    7641
    7801
    7849
    7961
    8081
    8129
    8185
    8281
    8305
    8465
    8561
    8625
    8673
    8881
    8977
    9001
    9065
    9167
    9343
    9391
    9455
    9527
    9623
    9671
    9791
    9839
    9983
   10103
   10183
   10343
   10367
   10495
   10639
   10687
   10807
   10951
   10999
   11095
   11191
   11239
   11463
   11559
   11687
   11751
   11775
   11935
   11983
   12111
   12219
   12299
   12371
   12531
   12561
   12689
   12857
   12985
   13033
   13161
   13321
   13393
   13457
   13553
   13633
   13705
   13897
   13969
   14065
   14097
   14289
   14361
   14425
   14569
   14633
   14889
   15057
   15153
   15265
   15361
   15569
   15617
   15681
   15753
   15817
   15937
   16097
   16169
   16329
   16393
   16441
   16601
   16679
   16887
   17007
   17119
   17167
   17391
   17455
   17599
   17711
   17855
   18079
   18207
   18219
   18347
   18491
   18619
   18667
   18747
   18867
   18963
   19011
   19227
   19275
   19419
   19587
   19659
   19835
   19883
   20059
   20155
   20267
   20363
   20515
   20587
   20763
   20811
   20875
   20971
   21195
   21243
   21355
   21467
   21491
   21603
   21675
   21787
   21955
   22067
   22123
   22267
   22475
   22595
   22659
   22779
   22923
   23019
   23067
   23123
   23243
   23483
   23531
   23611
   23707
   23803
   24011
   24035
   24147
   24243
   24307
   24419
   24499
   24643
   24755
   24839
   24991
   25015
   25175
   25223
   25255
   25351
   25495
   25615
   25775
   25839
   25887
   26015
   26111
   26183
   26231
   26327
   26503
   26527
   26591
   26687
   26751
   26847
   26967
   27047
   27159
   27183
   27327
   27351
   27479
   27551
   27647
   27695
   27767
   27839
   27919
   28015
   28095
   28287
   28383
   28503
   28599
   28695
   28719
   28783
   28839
   28935
   29031
   29079
   29127
   29255
   29263
   29375
   29399
   29543
   29639
   29671
   29719
   29815
   29911
   29959
   30039
   30087
   30215
   30263
   30323
   30339
   30411
   30523
   30547
   30659
   30707
   30739
   30763
   30851
   30931
   31075
   31139
   31187
   31235
   31299
   31347
   31459
   31531
   31643
   31691
   31739
   31883
   31915
   31963
   31987
   32115
   32163
   32195
   32243
   32275
   32299
   32347
   32403
   32475
   32523
   32571
   32611
   32707
   32739
   32811
   32875
   32899
   32963
   33011
   33043
   33067
   33099
   33147
   33243
   33307
   33419
   33467
   33563
   33611
   33627
   33659
   33683
   33731
   33779
   33827
   33875
   33923
   33971
   34003
   34015
   34023
   34055
   34151
   34199
   34247
   34263
   34335
   34415
   34463
   34511
   34575
   34647
   34695
   34759
   34823
   34855
   34871
   34919
   34943
   34975
   34991
   35039
   35063
   35111
   35143
   35167
   35201
   35237
   35285
   35317
   35341
   35389
   35409
   35441
   35489
   35505
   35557
   35573
   35597
   35613
   35633
   35657
   35689
   35721
   35745
   35793
   35809
   35857
   35873
   35889
   35921
   35937
   35941
   35965
   35981
   35997
   36005
   36041
   36073
   36121
   36169
   36185
   36209
   36225
   36241
   36245
   36261
   36285
   36317
   36333
   36357
   36373
   36389
   36393
   36409
   36433
   36449
   36465
   36469
   36477
   36493
   36497
