       0
       2
      10
      20
      28
      44
      60
      70
      94
     110
     118
     150
     174
     192
     216
     232
     256
     288
     320
     336
     368
     402
     418
     466
     482
     498
     554
     586
     610
     642
     682
     708
     756
     804
     820
     852
     884
     916
     972
    1020
    1044
    1108
    1140
    1166
    1222
    1238
    1278
    1342
    1406
    1422
    1462
    1510
    1542
    1622
    1654
    1686
    1750
    1800
    1840
    1888
    1936
    1984
    2040
    2088
    2104
    2168
    2240
    2272
    2360
    2392
    2416
    2496
    2560
    2594
    2666
    2730
    2762
    2826
    2874
    2906
    2946
    3026
    3082
    3178
    3218
    3250
    3362
    3394
    3450
    3514
    3546
    3588
    3668
    3764
    3804
    3868
    3948
    3980
    4068
    4116
    4140
    4220
    4292
    4356
    4436
    4484
    4524
    4636
    4700
    4748
    4828
    4918
    4950
    5030
    5078
    5110
    5230
    5294
    5358
    5406
    5478
    5542
    5622
    5702
    5750
    5846
    5910
    5942
    6062
    6126
    6174
    6302
    6382
    6431
    6475
    6519
    6559
    6683
    6795
    6827
    6899
    6959
    7003
    7123
    7187
    7211
    7299
    7387
    7435
    7511
    7551
    7603
    7691
    7747
    7771
    7803
    7915
    7955
    8063
    8127
    8167
    8239
    8279
    8343
    8399
    8459
    8491
    8547
    8595
    8623
    8695
    8759
    8783
    8895
    8935
    8951
    9031
    9095
    9127
    9191
    9239
    9255
    9323
    9367
    9399
    9447
    9487
    9519
    9599
    9639
    9655
    9719
    9775
    9815
    9863
    9911
    9943
    9963
   10027
   10075
   10131
   10163
   10235
   10251
   10279
   10319
   10367
   10399
   10439
   10455
   10479
   10519
   10567
   10587
   10627
   10675
   10691
   10723
   10755
   10771
   10827
   10867
   10891
   10939
   10987
   11051
   11075
   11087
   11095
   11139
   11163
   11171
   11219
   11259
   11275
   11291
   11307
   11339
   11379
   11411
   11435
   11443
   11459
   11491
   11507
   11515
   11531
   11539
   11559
   11591
   11607
   11631
   11663
   11679
   11695
   11715
   11739
   11755
   11771
   11779
   11787
   11803
   11827
   11859
   11875
   11899
   11907
   11923
   11931
   11939
   11947
   11955
   11971
   11987
   12003
   12007
   12023
   12031
   12039
   12047
   12055
   12071
   12087
   12095
   12103
   12111
   12127
   12139
   12147
   12155
   12163
