       0
       4
      12
      20
      36
      48
      56
      80
      96
     112
     136
     152
     168
     196
     228
     236
     268
     300
     316
     356
     372
     388
     428
     468
     500
     536
     552
     576
     624
     656
     680
     720
     768
     784
     840
     872
     888
     952
     992
    1024
    1056
    1092
    1132
    1180
    1228
    1260
    1308
    1356
    1372
    1452
    1492
    1516
    1596
    1628
    1652
    1692
    1740
    1772
    1852
    1924
    1956
    2000
    2048
    2096
    2160
    2192
    2216
    2296
    2360
    2408
    2464
    2496
    2544
    2624
    2680
    2704
    2752
    2832
    2864
    2968
    3016
    3048
    3136
    3168
    3216
    3276
    3348
    3388
    3468
    3532
    3556
    3628
    3676
    3724
    3836
    3900
    3932
    4012
    4076
    4116
    4196
    4260
    4324
    4388
    4468
    4500
    4540
    4636
    4684
    4780
    4812
    4844
    4972
    5056
    5112
    5216
    5248
    5280
    5360
    5440
    5472
    5552
    5656
    5712
    5824
    5856
    5912
    6024
    6088
    6152
    6216
    6256
    6304
    6412
    6484
    6520
    6608
    6696
    6752
    6828
    6916
    6948
    7060
    7116
    7172
    7228
    7284
    7340
    7412
    7516
    7548
    7620
    7668
    7696
    7816
    7856
    7904
    8008
    8064
    8096
    8152
    8192
    8248
    8324
    8404
    8420
    8492
    8572
    8604
    8668
    8716
    8740
    8828
    8860
    8892
    8952
    8992
    9048
    9120
    9184
    9232
    9268
    9308
    9348
    9444
    9492
    9540
    9572
    9600
    9648
    9672
    9736
    9792
    9864
    9880
    9928
    9976
   10016
   10080
   10104
   10112
   10168
   10224
   10240
   10284
   10324
   10356
   10380
   10412
   10468
   10524
   10548
   10620
   10636
   10660
   10724
   10740
   10756
   10780
   10808
   10832
   10852
   10900
   10916
   10948
   10980
   10996
   11012
   11036
   11068
   11124
   11148
   11196
   11204
   11220
   11244
   11268
   11292
   11316
   11332
   11336
   11384
   11408
   11416
   11456
   11480
   11512
   11536
   11568
   11600
   11616
   11624
   11640
   11648
   11672
   11696
   11712
   11729
   11747
   11763
   11787
   11797
   11813
   11821
   11847
   11855
   11863
   11873
   11889
   11905
   11929
   11937
   11945
   11953
   11969
   11977
   11979
   11987
   11995
   12013
   12029
   12053
   12061
   12069
   12077
   12079
   12087
   12103
   12111
   12119
   12127
   12129
   12137
   12145
   12153
   12155
   12163
   12165
