       0
       8
      32
      56
      88
     136
     160
     208
     280
     304
     360
     432
     480
     552
     624
     672
     720
     840
     912
     968
    1064
    1088
    1208
    1328
    1376
    1472
    1568
    1640
    1736
    1856
    1904
    2008
    2176
    2272
    2320
    2440
    2512
    2608
    2800
    2872
    3016
    3112
    3184
    3328
    3448
    3544
    3648
    3840
    3912
    4032
    4224
    4272
    4416
    4632
    4680
    4776
    4896
    5040
    5232
    5400
    5520
    5616
    5832
    5904
    6008
    6152
    6272
    6476
    6668
    6728
    6800
    6992
    7112
    7268
    7412
    7508
    7604
    7820
    7916
    7976
    8144
    8192
    8312
    8480
    8576
    8704
    8776
    8884
    9028
    9100
    9148
    9196
    9388
    9460
    9580
    9700
    9724
    9808
    9928
    9976
   10096
   10216
   10312
   10384
   10456
   10504
   10600
   10644
   10716
   10788
   10884
   10980
   11004
   11028
   11100
   11124
   11196
   11220
   11268
   11292
   11388
   11424
   11448
   11472
   11496
   11544
   11592
   11640
   11664
   11712
   11742
   11748
   11762
   11834
   11876
   11900
   11930
   11954
   11978
   12008
   12032
   12038
   12062
   12074
   12098
   12104
   12112
   12136
   12142
   12154
   12160
   12166
