       0
       1
       7
      19
      27
      33
      57
      81
      93
     123
     147
     171
     179
     203
     251
     257
     305
     341
     365
     389
     437
     461
     485
     515
     587
     619
     691
     739
     751
     799
     847
     895
     925
     949
    1021
    1045
    1141
    1189
    1213
    1237
    1309
    1357
    1365
    1419
    1503
    1551
    1575
    1647
    1743
    1791
    1839
    1863
    1935
    2007
    2103
    2109
    2205
    2301
    2325
    2373
    2469
    2517
    2553
    2601
    2721
    2777
    2801
    2897
    2945
    2969
    3071
    3119
    3191
    3239
    3287
    3407
    3431
    3575
    3695
    3743
    3791
    3887
    3911
    3959
    4067
    4139
    4169
    4337
    4385
    4457
    4553
    4625
    4697
    4729
    4801
    4945
    5041
    5137
    5185
    5257
    5377
    5449
    5497
    5575
    5695
    5743
    5887
    6031
    6043
    6187
    6235
    6355
    6403
    6451
    6619
    6667
    6763
    6859
    6931
    6979
    7075
    7123
    7147
    7219
    7387
    7443
    7563
    7683
    7731
    7851
    7899
    7995
    8019
    8115
    8259
    8343
    8367
    8415
    8511
    8631
    8679
    8751
    8847
    8871
    8967
    9063
    9087
    9111
    9183
    9231
    9303
    9399
    9519
    9615
    9639
    9735
    9783
    9791
    9815
    9911
    9959
   10007
   10055
   10115
   10187
   10211
   10259
   10283
   10427
   10475
   10523
   10595
   10643
   10667
   10715
   10763
   10787
   10859
   10907
   10979
   11003
   11051
   11075
   11171
   11219
   11243
   11291
   11339
   11351
   11383
   11431
   11503
   11551
   11623
   11671
   11695
   11719
   11743
   11791
   11815
   11863
   11887
   11911
   11935
   11983
   12007
   12015
   12063
   12087
   12111
   12135
   12159
