       0
       6
      30
      60
      84
     132
     180
     210
     282
     330
     354
     450
     522
     576
     648
     696
     768
     864
     960
    1008
    1104
    1206
    1254
    1398
    1446
    1494
    1662
    1758
    1830
    1926
    2046
    2124
    2268
    2412
    2460
    2556
    2652
    2748
    2916
    3060
    3132
    3324
    3420
    3498
    3666
    3714
    3834
    4026
    4218
    4266
    4386
    4530
    4626
    4866
    4962
    5058
    5250
    5400
    5520
    5664
    5808
    5952
    6120
    6264
    6312
    6504
    6720
    6816
    7080
    7176
    7248
    7488
    7680
    7782
    7998
    8190
    8286
    8478
    8622
    8718
    8838
    9078
    9246
    9534
    9654
    9750
   10086
   10182
   10350
   10542
   10638
   10764
   11004
   11292
   11412
   11604
   11844
   11940
   12204
   12348
   12420
   12660
   12876
   13068
   13308
   13452
   13572
   13908
   14100
   14244
   14484
   14754
   14850
   15090
   15234
   15330
   15690
   15882
   16074
   16218
   16434
   16626
   16866
   17106
   17250
   17538
   17730
   17826
   18186
   18378
   18522
   18906
   19146
   19293
   19425
   19557
   19677
   20049
   20385
   20481
   20697
   20877
   21009
   21369
   21561
   21633
   21897
   22161
   22305
   22533
   22653
   22809
   23073
   23241
   23313
   23409
   23745
   23865
   24189
   24381
   24501
   24717
   24837
   25029
   25197
   25377
   25473
   25641
   25785
   25869
   26085
   26277
   26349
   26685
   26805
   26853
   27093
   27285
   27381
   27573
   27717
   27765
   27969
   28101
   28197
   28341
   28461
   28557
   28797
   28917
   28965
   29157
   29325
   29445
   29589
   29733
   29829
   29889
   30081
   30225
   30393
   30489
   30705
   30753
   30837
   30957
   31101
   31197
   31317
   31365
   31437
   31557
   31701
   31761
   31881
   32025
   32073
   32169
   32265
   32313
   32481
   32601
   32673
   32817
   32961
   33153
   33225
   33261
   33285
   33417
   33489
   33513
   33657
   33777
   33825
   33873
   33921
   34017
   34137
   34233
   34305
   34329
   34377
   34473
   34521
   34545
   34593
   34617
   34677
   34773
   34821
   34893
   34989
   35037
   35085
   35145
   35217
   35265
   35313
   35337
   35361
   35409
   35481
   35577
   35625
   35697
   35721
   35769
   35793
   35817
   35841
   35865
   35913
   35961
   36009
   36021
   36069
   36093
   36117
   36141
   36165
   36213
   36261
   36285
   36309
   36333
   36381
   36417
   36441
   36465
   36489
